10101
10102
10103
10104
10105
10106
10107
10201
10202
10203
10301
10302
10303
10304
10305
10306
10307
10308
10309
10401
10402
20101
20102
20103
20104
20105
20106
20107
20108
20109
20110
20111
20201
20202
20203
20204
20205
20206
20207
20301
20302
20303
20304
20305
20306
20307
20308
20401
20402
20403
20404
20405
30101
30102
30103
30104
30105
30106
30107
30108
30109
30110
30111
30201
30202
30203
30204
30205
30206
30207
30208
30301
30302
30303
30304
30305
30306
30307
30308
30309
30310
30311
30312
30313
30314
30315
30401
30402
30403
30404
30405
30406
30407
30408
30409
30410
30501
30502
30503
30504
30505
30506
30507
30601
30602
30603
30604
30605
30606
30607
30608
40101
40102
40103
40104
40105
40106
40107
40201
40202
40203
40204
40205
40206
40207
40208
40301
40302
40303
40304
40305
40306
40401
40402
40403
40404
40501
40502
40503
40504
40505
40506
40507
40601
40602
40603
40604
40605
40606
40607
40608
40609
40610
40611
40612
40613
40614
40615
40616
40617
40618
50101
50102
50201
50202
50203
50301
50302
50303
50304
50401
50402
50403
50404
50501
50502
50503
50504
50505
50601
50602
50603
50604
50701
50702
50703
50704
50705
50706
50707
50708
60101
60102
60103
60104
60105
60106
60107
60201
60202
60203
60204
60205
60206
60301
60302
60401
60402
60403
60404
60405
60501
60502
60503
60504
60601
60602
60603
60604
60605
60606
60607
70101
70102
70103
70104
70105
70106
70107
70108
70109
70201
70202
70203
70204
70205
70206
70207
70208
70209
70210
70301
70302
70303
70304
70305
70306
70307
70308
70401
70402
70403
70404
70405
70406
70407
70408
70409
70410
70411
70412
70501
70502
70503
70504
70505
70506
70507
70508
70509
70510
70511
70512
70513
80101
80102
80103
80104
80105
80106
80107
80108
80109
80201
80202
80203
80204
80205
80206
80207
80301
80302
80303
80304
80305
80306
80307
90101
90102
90103
90104
90105
90106
90107
90108
90109
90110
90201
90202
90203
90204
90205
90206
90207
90208
90209
90210
90301
90302
90303
90304
90305
90306
90401
90402
90403
90404
90405
90406
90501
90502
100101
100102
100103
100104
100105
100106
100107
100108
100201
100202
100203
100204
100205
100301
100302
100303
100304
100305
100401
100402
100403
100404
100405
100406
100407
100408
100409
100410
100411
110101
110102
110103
110104
110105
110106
110201
110202
110203
110301
110302
110303
110304
110401
110402
110403
110404
110405
110501
110502
110503
110504
110505
110601
110602
110603
110604
110605
110606
120101
120102
120103
120104
120105
120106
120107
120108
120201
120202
120203
120204
120205
120301
120302
120303
120401
120402
130101
130102
130103
130104
130105
130106
130201
130202
130203
130204
130205
130206
130207
130208
130209
130301
130302
130303
130304
130305
130306
130401
130402
130403
130404
130405
130406
130407
130408
130409
130410
130501
130502
130503
130504
\.


