3071	2499	17
3072	2531	21
3073	2552	17
3074	2555	14
3075	2556	17
3076	2652	18
3077	2666	21
3078	2776	20
3079	2777	15
3080	2782	17
3081	2862	17
3082	2870	20
3083	2878	18
3084	2924	15
3085	3028	18
3086	3037	14
3087	3042	14
3088	3187	18
3089	3208	18
3090	3348	23
3091	3361	18
3092	3362	18
3093	3391	18
3094	3422	18
3095	3451	18
3096	3484	17
3097	3599	18
3098	3621	17
3099	3798	17
3100	3800	14
3101	3801	18
3102	3814	20
3103	3815	18
3104	3945	22
3105	3953	18
3106	4053	17
3107	4082	18
3108	4113	28
3109	4113	25
3110	4114	18
3111	4118	14
3112	4119	14
3113	4120	14
3114	4121	15
3115	4299	26
3116	4298	14
3117	4299	14
3118	4300	14
3119	4401	18
3120	4401	23
3121	4402	18
3122	4424	23
3123	22662	22
3124	22662	17
3125	22661	15
3126	22661	18
3127	3953	14
3128	75	15
3129	75	23
3130	22685	17
3131	3	23
3132	3	15
3133	4066	18
3134	4082	22
3135	4088	22
3136	4112	18
3137	4113	18
3138	4114	17
3139	4114	30
3140	4114	33
3141	4118	31
3142	4119	31
3143	4120	22
3144	4121	17
3145	4121	30
3146	4121	22
3147	4121	33
3148	4183	28
3149	4183	25
3150	4250	18
3151	4299	17
3152	4299	32
3153	4299	24
3154	4299	30
3155	4299	22
3156	4300	17
3157	4300	24
3158	4300	30
3159	4300	29
3160	4402	15
3161	4402	23
3162	4424	18
3163	4424	22
3164	22675	17
3165	22675	28
3166	22675	14
3167	22675	30
3168	22675	23
3169	22675	32
3170	22675	33
3171	22685	28
3172	22685	14
3173	22685	18
3174	22685	21
3175	22685	27
3176	22809	18
3177	22809	14
3178	22809	17
3179	1670	14
3180	1670	24
3181	23971	35
3182	22955	17
3183	22955	30
3184	22956	33
3185	23971	25
3186	22956	15
3187	22957	17
3188	22957	32
3189	22957	21
3190	22957	30
3191	22957	22
3192	22958	18
3193	22958	28
3194	22958	25
3195	22960	18
3196	22962	14
3197	22962	30
3198	22962	21
3199	22962	19
3200	22963	15
3201	22963	18
3202	22963	21
3203	23306	18
3204	23306	14
3205	23307	22
3206	23308	25
3207	23308	14
3208	23308	24
3209	23308	27
3210	23308	18
3211	23308	21
3212	23309	28
3213	23309	24
3214	23309	23
3215	23309	19
3216	23309	18
3217	23310	28
3218	23310	24
3219	23310	23
3220	23310	15
3221	23310	19
3222	23310	18
3223	23311	14
3224	23311	24
3225	23311	18
3226	23312	22
3227	23312	18
3228	23318	22
3229	23319	22
3230	23320	23
3231	23320	18
3232	23321	15
3233	23321	23
3234	23321	18
3235	23324	21
3236	24598	15
3237	24040	17
3238	23330	27
3239	23331	29
3240	23332	15
3241	23334	17
3242	23335	22
3243	23333	17
3244	23336	17
3245	23336	14
3246	23337	14
3247	23337	18
3248	23339	18
3249	23339	14
3250	23340	14
3251	23340	15
3252	23341	22
3253	23341	20
3254	23342	17
3255	23342	30
3256	23342	23
3257	23342	22
3258	23343	25
3259	23343	23
3260	23343	21
3261	23343	27
3262	23344	17
3263	23344	14
3264	23344	30
3265	23344	22
3266	23344	15
3267	23344	18
3268	23345	17
3269	23345	14
3270	23347	14
3271	23345	22
3272	23345	15
3273	23345	18
3274	23347	15
3275	23347	17
3276	23347	22
3277	23347	18
3278	23348	14
3279	23348	15
3280	23348	17
3281	23348	22
3282	23348	18
3283	23349	14
3284	23349	17
3285	23349	30
3286	23349	22
3287	23349	15
3288	23349	18
3289	23350	15
3290	23350	17
3291	23350	14
3292	23350	30
3293	23350	22
3294	23350	18
3295	23351	17
3296	23351	30
3297	23351	18
3298	23352	17
3299	23352	28
3300	23352	30
3301	23352	31
3302	23352	23
3303	23352	22
3304	23352	15
3305	23352	19
3306	23352	27
3307	23352	18
3308	23353	14
3309	23354	31
3310	23354	23
3311	23354	15
3312	23354	18
3313	23356	17
3314	23357	23
3315	23356	30
3316	23357	15
3317	24001	30
3318	24001	33
3319	24001	22
3320	24001	15
3321	24001	29
3322	23996	14
3323	23358	18
3324	23359	17
3325	23359	30
3326	23359	22
3327	23359	27
3328	23359	18
3329	23360	31
3330	23360	22
3331	23360	15
3332	23360	19
3333	23360	27
3334	23360	18
3335	23361	30
3336	23361	31
3337	23361	23
3338	23361	22
3339	23361	15
3340	23361	19
3341	23361	27
3342	23361	18
3343	23362	14
3344	23363	17
3345	23363	14
3346	23363	30
3347	23363	23
3348	23363	15
3349	23363	27
3350	23363	18
3351	23364	14
3352	23364	22
3353	23364	27
3354	23364	18
3355	23368	15
3356	23368	23
3357	23368	14
3358	23368	18
3359	23369	18
3360	23369	14
3361	23370	34
3362	23370	21
3363	23371	14
3364	23372	23
3365	23373	22
3366	23374	14
3367	23375	28
3368	23375	31
3369	23375	23
3370	23375	22
3371	23375	15
3372	23376	31
3373	23376	15
3374	23376	23
3375	23377	17
3376	23377	30
3377	23378	17
3378	23378	14
3379	23379	17
3380	23380	17
3381	23380	14
3382	23381	23
3383	23382	23
3384	23384	23
3385	23384	18
3386	23386	15
3387	23386	23
3388	23386	17
3389	23387	24
3390	23388	23
3391	23389	18
3392	23390	23
3393	23391	15
3394	23391	23
3395	23392	23
3396	23393	14
3397	23393	18
3398	23394	29
3399	23394	23
3400	23396	23
3401	23397	23
3402	23397	18
3403	23397	15
3404	23398	23
3405	23399	23
3406	23400	23
3407	23401	31
3408	23401	19
3409	23403	23
3410	23403	18
3411	23404	14
3412	23404	17
3413	23404	32
3414	23404	30
3415	23402	28
3416	23413	14
3417	23402	14
3418	23406	28
3419	23407	14
3420	23407	28
3421	23408	17
3422	23408	28
3423	23408	22
3424	23409	17
3425	23409	28
3426	23409	30
3427	23409	23
3428	23409	15
3429	23410	17
3430	23410	28
3431	23410	30
3432	23410	23
3433	23410	15
3434	23411	17
3435	23411	28
3436	23411	30
3437	23412	17
3438	23412	22
3439	23413	17
3440	23413	28
3441	23414	28
3442	23414	18
3443	23415	28
3444	23415	25
3445	23415	23
3446	23415	15
3447	23416	17
3448	23416	28
3449	23416	18
3450	23416	30
3451	23418	17
3452	23418	30
3453	23419	15
3454	23419	23
3455	23419	30
3456	23420	15
3457	23420	18
3458	23421	15
3459	23421	18
3460	23421	19
3461	23422	30
3462	23422	17
3463	23423	28
3464	23423	25
3465	23423	18
3466	23424	14
3467	23424	21
3468	23424	27
3469	23425	15
3470	23425	23
3471	23426	14
3472	23427	24
3473	23427	21
3474	23427	27
3475	23427	18
3476	23432	14
3477	23433	22
3478	23433	19
3479	23434	14
3480	23435	18
3481	23435	14
3482	23435	17
3483	23234	31
3484	23234	15
3485	23436	25
3486	23436	14
3487	23436	23
3488	23436	21
3489	23436	19
3490	23436	18
3491	23437	28
3492	23437	25
3493	23437	15
3494	23438	14
3495	23439	14
3496	23439	29
3497	23439	15
3498	23440	14
3499	23440	24
3500	23441	14
3501	23441	18
3502	23441	27
3503	23441	23
3504	23442	14
3505	23442	18
3506	23444	15
3507	23303	17
3508	23303	25
3509	23303	14
3510	23303	24
3511	23303	22
3512	23303	21
3513	23303	27
3514	23446	22
3515	23995	14
3516	23447	15
3517	23447	31
3518	23448	15
3519	23448	19
3520	23448	33
3521	23449	15
3522	23449	19
3523	24003	14
3524	23451	23
3525	23452	14
3526	23453	15
3527	23453	18
3528	23454	14
3529	23455	14
3530	23455	30
3531	23455	21
3532	23456	14
3533	23457	24
3534	23458	18
3535	23459	23
3536	23460	14
3537	23461	14
3538	23462	31
3539	23462	14
3540	23462	15
3541	23462	19
3542	23463	24
3543	23465	23
3544	23465	15
3545	23465	33
3546	23466	33
3547	23467	15
3548	23467	23
3549	23468	15
3550	23469	15
3551	23469	23
3552	23470	15
3553	23470	23
3554	23472	23
3555	23473	23
3556	23474	28
3557	23474	14
3558	23474	23
3559	23476	14
3560	23476	22
3561	23476	18
3562	23477	31
3563	23477	34
3564	23478	28
3565	23478	23
3566	23480	28
3567	23480	18
3568	23481	31
3569	23481	35
3570	23481	34
3571	23482	32
3572	23482	17
3573	23483	28
3574	23483	18
3575	23484	24
3576	23484	21
3577	23484	18
3578	23484	16
3579	23485	14
3580	23486	14
3581	23486	29
3582	23487	14
3583	23487	23
3584	23487	18
3585	23488	25
3586	23491	28
3587	23491	24
3588	23491	21
3589	23491	18
3590	23491	35
3591	23494	14
3592	23495	17
3593	23495	30
3594	23496	23
3595	23496	18
3596	23497	17
3597	23497	28
3598	23498	24
3599	23499	23
3600	23499	18
3601	23501	14
3602	23500	14
3603	23501	21
3604	23501	27
3605	23501	18
3606	23502	17
3607	23502	14
3608	23502	30
3609	23502	23
3610	23502	15
3611	23502	18
3612	23503	14
3613	23503	21
3614	23504	14
3615	23505	14
3616	23507	28
3617	23507	25
3618	23507	14
3619	23508	14
3620	23508	21
3621	23508	27
3622	23508	18
3623	23511	23
3624	23511	15
3625	23511	18
3626	23513	23
3627	23513	18
3628	23513	33
3629	23513	34
3630	24155	23
3631	24079	18
3632	23514	17
3633	23516	17
3634	23516	30
3635	23516	23
3636	23516	15
3637	23518	18
3638	23519	14
3639	23520	17
3640	23520	22
3641	23521	35
3642	23522	28
3643	23522	14
3644	23522	18
3645	23523	17
3646	23523	22
3647	23524	28
3648	23524	25
3649	23525	15
3650	23526	24
3651	23526	27
3652	23527	14
3653	23527	19
3654	23528	14
3655	23528	24
3656	23528	21
3657	23528	27
3658	23529	14
3659	23530	28
3660	24586	28
3661	23531	24
3662	23531	21
3663	23532	24
3664	23533	24
3665	23533	21
3666	23534	28
3667	23534	25
3668	23534	14
3669	23534	24
3670	23535	24
3671	23535	16
3672	23536	24
3673	23536	14
3674	23536	21
3675	23536	35
3676	23537	24
3677	23537	27
3678	23538	24
3679	23538	27
3680	23539	24
3681	23539	14
3682	23540	24
3683	23540	14
3684	23540	18
3685	23541	14
3686	23541	24
3687	23541	18
3688	23542	18
3689	23542	14
3690	23546	14
3691	23546	32
3692	23546	17
3693	23546	30
3694	23546	22
3695	23510	15
3696	23547	14
3697	23510	14
3698	23510	21
3699	23544	18
3700	23544	26
3701	23548	24
3702	23548	21
3703	23549	14
3704	23549	18
3705	24735	23
3706	23550	18
3707	23550	23
3708	23550	29
3709	23551	31
3710	23551	34
3711	23552	15
3712	23552	19
3713	23554	15
3714	23554	14
3715	23556	23
3716	23557	23
3717	23558	23
3718	23559	23
3719	23560	23
3720	23561	23
3721	23562	23
3722	23563	23
3723	23564	23
3724	23565	23
3725	23566	23
3726	23567	23
3727	24001	18
3728	23570	21
3729	23570	25
3730	23570	14
3731	23570	28
3732	23571	14
3733	23571	18
3734	23571	28
3735	23572	31
3736	23572	15
3737	23572	19
3738	23574	18
3739	23574	23
3740	23574	15
3741	1140	18
3742	1140	14
3743	23575	14
3744	23575	18
3745	23970	22
3746	23576	25
3747	23576	14
3748	23970	20
3749	23576	21
3750	23971	28
3751	23578	18
3752	23578	19
3753	23579	14
3754	23581	23
3755	23580	20
3756	23582	21
3757	23582	19
3758	23582	18
3759	23582	23
3760	23582	17
3761	23582	25
3762	23582	14
3763	23584	21
3764	23584	27
3765	23584	14
3766	23585	19
3767	23585	18
3768	23585	31
3769	23586	30
3770	23586	17
3771	23586	21
3772	23586	18
3773	23586	33
3774	23587	14
3775	23587	26
3776	23588	15
3777	23588	23
3778	23589	20
3779	23589	22
3780	23590	17
3781	23591	21
3782	23591	25
3783	23592	14
3784	23593	15
3785	23593	18
3786	23593	33
3787	23593	35
3788	23594	15
3789	23595	18
3790	23595	35
3791	23596	21
3792	23596	23
3793	23596	14
3794	23599	21
3795	23601	34
3796	23601	18
3797	23603	15
3798	23602	23
3799	23603	19
3800	23603	18
3801	23604	14
3802	23604	21
3803	23605	22
3804	23606	17
3805	23606	14
3806	23606	24
3807	23606	30
3808	23606	22
3809	23606	34
3810	23606	15
3811	23606	19
3812	23606	18
3813	23607	14
3814	23608	14
3815	24602	17
3816	23609	14
3817	23609	18
3818	23610	14
3819	23611	14
3820	23612	14
3821	23613	14
3822	23615	14
3823	23615	17
3824	23615	28
3825	23615	25
3826	23615	24
3827	23615	23
3828	23615	27
3829	23615	18
3830	23615	21
3831	23616	17
3832	23616	28
3833	23616	25
3834	23616	14
3835	23616	24
3836	23616	23
3837	23616	21
3838	23616	27
3839	23616	18
3840	23617	15
3841	23618	17
3842	23618	25
3843	23618	14
3844	23618	24
3845	23618	23
3846	23618	21
3847	23618	27
3848	23618	18
3849	23619	20
3850	23619	22
3851	23620	32
3852	23620	17
3853	23620	14
3854	23621	25
3855	23621	14
3856	23621	24
3857	23621	30
3858	23621	31
3859	23621	22
3860	23621	21
3861	23621	27
3862	23622	25
3863	23622	23
3864	23622	27
3865	23622	18
3866	23623	17
3867	23623	28
3868	23623	25
3869	23623	14
3870	23623	30
3871	23624	28
3872	24001	19
3873	23624	24
3874	23624	21
3875	23624	27
3876	23624	18
3877	23626	14
3878	23626	24
3879	23627	14
3880	23627	21
3881	23629	23
3882	23630	17
3883	23630	14
3884	23630	22
3885	23631	14
3886	23631	18
3887	23632	15
3888	23634	21
3889	23636	14
3890	23636	18
3891	23636	23
3892	23637	23
3893	23637	18
3894	23638	17
3895	23638	28
3896	23638	23
3897	23639	14
3898	23639	17
3899	23639	30
3900	23640	14
3901	23640	21
3902	23641	17
3903	23641	30
3904	23642	21
3905	23642	17
3906	23642	18
3907	23643	14
3908	23643	30
3909	23644	17
3910	23644	18
3911	23645	17
3912	23645	14
3913	24001	27
3914	23645	32
3915	23645	21
3916	23645	33
3917	23647	17
3918	23647	14
3919	23647	30
3920	23647	21
3921	23647	33
3922	23648	14
3923	23648	18
3924	23650	14
3925	23651	15
3926	23652	14
3927	23653	14
3928	23654	14
3929	23655	14
3930	23655	27
3931	23656	14
3932	23658	15
3933	23657	14
3934	23660	23
3935	23661	23
3936	23662	23
3937	23663	15
3938	23663	23
3939	23664	15
3940	23664	23
3941	23665	17
3942	23665	14
3943	23666	14
3944	23667	14
3945	23668	15
3946	23669	23
3947	23670	15
3948	23671	15
3949	23671	23
3950	23672	15
3951	23672	23
3952	23673	15
3953	23673	23
3954	23674	15
3955	23674	23
3956	23675	15
3957	23675	23
3958	23676	23
3959	23677	15
3960	23678	15
3961	23679	29
3962	23680	15
3963	23682	15
3964	23683	14
3965	23685	23
3966	23686	23
3967	23687	23
3968	23688	15
3969	23690	15
3970	23690	23
3971	23691	15
3972	23691	23
3973	23693	15
3974	23694	29
3975	23694	23
3976	23694	15
3977	23696	15
3978	23696	23
3979	23696	29
3980	23697	15
3981	23697	23
3982	23698	15
3983	23699	15
3984	23700	15
3985	23700	23
3986	23701	23
3987	23701	15
3988	23702	23
3989	23702	29
3990	23702	15
3991	23703	23
3992	23704	23
3993	23704	29
3994	23706	23
3995	23707	23
3996	23709	23
3997	23710	23
3998	23711	17
3999	23712	18
4000	23712	14
4001	23712	25
4002	23712	21
4003	23716	24
4004	24589	27
4005	24589	21
4006	23718	14
4007	23718	23
4008	23718	27
4009	23718	21
4010	23719	14
4011	23720	17
4012	23721	14
4013	23721	17
4014	23722	17
4015	23722	14
4016	23722	30
4017	23722	33
4018	23722	21
4019	23723	14
4020	23723	17
4021	23723	32
4022	23724	34
4023	23724	33
4024	23724	31
4025	23725	14
4026	23725	18
4027	23725	27
4028	23725	17
4029	23725	32
4030	23726	14
4031	23726	18
4032	23727	14
4033	23727	17
4034	23727	32
4035	23728	19
4036	23728	18
4037	23729	14
4038	23729	23
4039	23729	18
4040	23973	14
4041	23738	26
4042	23735	26
4043	23737	26
4044	23736	26
4045	23739	26
4046	23740	26
4047	23741	15
4048	23743	26
4049	23744	26
4050	23745	17
4051	23747	23
4052	23748	14
4053	23748	15
4054	23748	18
4055	23748	23
4056	23749	18
4057	23749	23
4058	23749	15
4059	23749	33
4060	23750	14
4061	23750	17
4062	23750	30
4063	23750	21
4064	23751	14
4065	24157	34
4066	24157	14
4067	24157	23
4068	23973	17
4069	23753	22
4070	23754	20
4071	23755	14
4072	23757	14
4073	23758	15
4074	23758	14
4075	23759	15
4076	23760	14
4077	23760	23
4078	23760	15
4079	23761	30
4080	23761	17
4081	23761	32
4082	23763	17
4083	23763	32
4084	23764	14
4085	23764	18
4086	24659	28
4087	23765	14
4088	23766	14
4089	23767	14
4090	23768	14
4091	23768	18
4092	23817	14
4093	23768	24
4094	24149	25
4095	23773	18
4096	23773	14
4097	23775	14
4098	23775	15
4099	23573	15
4100	23776	23
4101	23776	21
4102	23777	26
4103	23780	14
4104	23780	28
4105	23781	25
4106	23781	26
4107	23782	14
4108	23782	17
4109	23784	14
4110	23785	15
4111	23785	18
4112	23785	23
4113	23785	14
4114	23772	24
4115	23772	14
4116	23786	14
4117	23786	27
4118	23788	14
4119	23789	14
4120	23790	21
4121	23792	21
4122	23793	14
4123	23793	17
4124	23793	21
4125	23794	15
4126	23794	18
4127	23794	23
4128	23795	15
4129	23795	23
4130	23797	15
4131	23797	18
4132	24093	19
4133	23798	14
4134	23799	23
4135	23801	23
4136	23802	22
4137	23802	20
4138	23803	15
4139	23803	18
4140	23803	23
4141	23803	14
4142	23803	19
4143	23804	23
4144	23806	19
4145	23806	31
4146	23806	34
4147	23807	21
4148	23808	15
4149	23809	18
4150	23809	14
4151	23809	28
4152	23810	14
4153	23810	18
4154	23811	17
4155	23811	32
4156	23811	14
4157	23813	14
4158	23814	14
4159	24411	27
4160	24341	30
4161	24712	14
4162	23815	24
4163	23633	14
4164	23816	24
4165	23816	21
4166	23817	18
4167	23820	21
4168	23822	14
4169	23823	14
4170	23826	15
4171	23826	28
4172	23826	24
4173	23826	30
4174	23826	23
4175	23826	22
4176	23826	29
4177	23826	19
4178	23826	27
4179	23826	33
4180	23826	35
4181	23828	23
4182	23828	18
4183	23829	23
4184	23830	21
4185	23836	14
4186	23837	14
4187	23838	14
4188	23839	25
4189	23840	21
4190	23840	14
4191	23840	25
4192	23841	21
4193	23841	25
4194	23841	35
4195	23842	21
4196	23842	25
4197	23842	35
4198	23774	24
4199	23774	28
4200	23774	25
4201	23774	21
4202	23843	21
4203	23844	15
4204	23844	18
4205	23844	17
4206	23845	17
4207	23845	30
4208	23845	22
4209	23845	20
4210	24683	28
4211	23846	32
4212	23355	14
4213	23853	14
4214	23853	16
4215	23853	18
4216	23853	26
4217	23855	17
4218	23855	32
4219	23857	14
4220	23857	17
4221	23859	14
4222	23220	23
4223	23843	14
4224	23864	18
4225	23864	14
4226	23864	24
4227	23865	21
4228	23867	14
4229	23387	14
4230	23387	26
4231	23869	15
4232	24735	18
4233	23869	33
4234	24735	31
4235	24735	14
4236	24735	19
4237	23871	25
4238	23871	21
4239	23871	27
4240	23877	23
4241	23878	27
4242	23878	21
4243	23878	14
4244	23879	24
4245	23879	16
4246	23879	14
4247	23879	21
4248	23880	18
4249	23880	15
4250	23880	23
4251	23880	14
4252	23880	31
4253	23881	18
4254	23881	23
4255	23332	18
4256	23882	20
4257	23882	22
4258	23883	14
4259	23883	15
4260	23883	23
4261	23884	14
4262	23887	14
4263	23549	15
4264	23888	23
4265	23889	15
4266	23890	14
4267	23892	29
4268	23892	18
4269	23892	26
4270	23892	19
4271	23892	30
4272	23893	15
4273	23893	18
4274	23893	23
4275	23893	14
4276	23893	34
4277	23893	33
4278	23893	26
4279	23893	19
4280	23893	30
4281	23894	15
4282	23894	14
4283	23894	26
4284	23891	14
4285	23891	24
4286	23895	14
4287	23896	14
4288	23895	18
4289	23897	14
4290	23897	18
4291	23898	24
4292	23898	14
4293	23902	18
4294	23902	14
4295	23903	24
4296	23903	18
4297	23903	14
4298	23903	23
4299	23902	23
4300	23904	14
4301	23904	29
4302	23904	18
4303	23486	23
4304	23905	26
4305	23905	25
4306	23906	14
4307	23906	18
4310	23906	24
4311	23907	21
4312	23907	17
4313	23907	18
4314	23908	14
4315	23908	21
4316	23909	17
4317	23909	30
4318	23910	14
4319	23910	23
4320	23910	18
4321	23912	14
4322	23913	14
4323	23914	21
4324	23914	14
4325	23915	14
4326	23916	14
4327	23916	25
4328	23917	14
4329	23917	21
4330	23917	26
4331	23918	25
4332	23918	14
4333	23919	14
4334	23919	23
4335	23920	14
4336	23920	23
4337	23921	14
4338	23921	15
4339	23921	23
4340	23921	27
4341	23921	21
4342	23922	18
4343	23922	23
4344	23922	25
4345	23923	21
4346	23923	27
4347	23923	23
4348	23923	18
4349	23923	15
4350	23924	24
4351	23924	16
4352	23924	28
4353	23925	14
4354	23925	21
4355	23925	35
4356	23926	35
4357	23926	20
4358	23926	34
4359	23926	31
4360	23927	14
4361	23927	20
4362	23927	19
4363	23927	31
4364	23928	19
4365	23928	22
4366	23929	14
4367	23929	18
4368	23929	19
4369	23930	14
4370	23932	23
4371	23932	19
4372	23932	20
4373	23933	14
4374	23930	31
4375	23930	34
4376	23930	19
4377	23457	14
4378	23934	24
4379	23934	21
4380	23935	22
4381	23936	17
4382	23936	28
4383	23944	23
4384	23936	25
4385	23936	14
4386	23936	24
4387	23936	30
4388	23936	29
4389	23936	23
4390	23936	15
4391	23937	27
4392	23937	25
4393	23936	19
4394	23939	34
4395	23936	27
4396	23939	14
4397	23939	28
4398	23939	21
4399	23939	27
4400	23940	26
4401	23940	18
4402	23940	21
4403	23940	28
4404	23940	14
4405	23940	27
4406	23943	23
4407	23946	14
4408	23946	23
4409	23946	18
4410	23947	18
4411	23948	26
4412	23949	14
4413	23950	15
4414	23950	23
4415	23951	14
4416	23951	17
4417	23951	32
4418	23952	32
4419	23952	17
4420	23954	29
4421	23955	23
4422	23955	29
4423	23956	23
4424	23957	35
4425	23959	35
4426	23959	21
4427	23959	25
4428	23962	19
4429	23686	15
4430	23693	23
4431	23306	24
4432	23699	29
4433	23968	29
4434	23973	21
4435	23974	21
4436	23974	27
4437	23975	20
4438	23976	21
4439	23977	18
4440	23977	14
4441	23977	25
4442	23977	21
4443	23978	21
4444	23978	35
4445	23979	25
4446	23979	26
4447	23979	24
4448	23980	15
4449	23980	18
4450	23980	23
4451	23982	22
4452	23981	15
4453	23983	15
4454	23984	14
4455	23984	18
4456	23985	15
4457	23986	15
4458	23986	34
4459	23986	31
4460	23986	19
4461	23988	15
4462	23988	23
4463	23988	14
4464	23988	18
4465	23989	23
4466	23989	15
4467	23990	30
4468	23990	21
4469	23990	14
4470	23998	26
4471	23999	14
4472	24002	23
4473	24004	14
4474	24006	14
4475	24007	21
4476	24007	30
4477	24008	17
4478	24008	14
4479	24008	30
4480	24008	21
4481	24009	14
4482	24010	17
4483	24010	27
4484	24011	22
4485	24013	19
4487	24015	14
4488	24016	27
4489	24016	25
4490	24017	24
4491	24017	27
4492	24018	14
4493	24019	15
4494	24019	22
4495	24020	19
4496	24020	20
4497	24021	27
4498	24021	21
4499	24024	24
4500	23630	27
4501	24025	19
4502	24026	15
4503	24026	19
4504	24001	23
4505	24027	24
4506	24027	21
4507	23413	30
4508	24028	25
4509	24028	20
4510	24029	28
4511	24029	31
4512	24029	18
4513	24029	22
4514	24029	15
4515	24029	21
4516	24029	19
4517	24029	27
4518	24029	23
4519	24030	17
4520	24030	28
4521	24030	30
4522	24031	28
4523	24031	14
4524	23415	19
4525	24035	20
4526	24035	19
4527	24035	22
4528	24036	28
4529	24036	31
4530	24036	23
4531	24036	22
4532	24036	15
4533	24036	21
4534	24036	19
4535	24036	27
4536	24036	18
4537	24037	14
4538	24037	15
4539	24037	27
4540	24037	18
4541	24038	15
4542	24039	15
4543	24039	19
4544	24040	32
4545	24041	32
4546	24041	17
4547	24042	17
4548	23333	14
4549	23981	23
4550	24043	20
4551	24035	27
4552	24043	19
4553	24043	22
4554	24044	28
4555	24044	25
4556	24044	20
4557	24045	28
4558	24045	25
4559	24045	18
4560	24046	14
4561	24046	27
4562	24046	21
4563	24047	19
4564	24047	31
4565	24047	28
4566	24047	25
4567	24047	14
4568	24048	14
4569	24048	24
4570	24048	21
4571	24049	15
4572	24050	19
4573	24050	20
4574	24050	22
4575	24051	25
4576	24051	28
4577	24051	18
4578	24049	18
4579	24052	15
4580	24052	25
4581	24053	15
4582	24053	31
4583	24054	17
4584	24054	14
4585	24054	25
4586	24054	30
4587	24054	31
4588	24054	23
4589	24054	22
4590	24054	19
4591	24054	18
4592	24055	17
4593	24055	22
4594	24055	30
4595	24056	23
4596	24056	19
4597	24056	18
4598	24057	15
4599	24057	19
4600	24058	15
4601	24058	19
4602	24059	15
4603	24059	19
4604	24060	19
4605	24061	14
4606	24061	18
4607	24062	17
4608	24062	14
4609	24062	30
4610	24062	22
4611	24062	15
4612	24062	18
4613	24063	14
4614	24063	25
4615	24063	23
4616	24063	27
4617	24064	15
4618	24064	19
4619	24065	28
4620	24065	31
4621	24065	25
4622	24065	20
4623	24065	19
4624	24066	19
4625	24066	15
4626	24069	28
4627	24069	14
4628	24069	24
4629	24069	21
4630	24069	27
4631	24070	28
4632	24070	25
4633	24070	14
4634	24070	24
4635	24070	21
4636	23372	28
4637	24071	14
4638	24071	23
4639	24072	15
4640	24073	31
4641	24073	22
4642	24073	15
4643	24074	17
4644	24074	28
4645	24074	14
4646	24074	30
4647	24074	23
4648	24074	22
4649	24074	18
4650	24075	14
4651	24075	29
4652	24075	19
4653	24075	18
4654	23637	15
4655	23638	25
4656	23638	14
4657	23638	21
4658	24076	17
4659	24076	22
4660	24077	15
4661	24078	28
4662	24078	24
4663	24078	23
4664	24078	15
4665	24078	21
4666	24078	27
4667	24079	23
4668	24082	15
4669	24081	15
4670	24080	21
4671	24080	19
4672	24080	23
4673	24080	22
4674	24080	15
4675	24083	14
4676	24084	28
4677	24084	25
4678	24085	23
4679	24086	21
4680	24086	18
4681	23934	28
4682	23934	25
4683	24088	14
4684	24090	14
4685	24091	15
4686	24092	17
4687	24093	15
4688	24094	27
4689	24094	18
4690	24095	21
4691	24095	22
4692	24095	23
4693	24097	18
4694	24097	24
4695	24098	24
4696	24098	27
4697	24098	18
4698	24099	18
4699	24099	25
4700	24100	31
4701	24100	28
4702	24100	26
4703	23857	30
4704	23857	33
4705	24105	15
4706	24106	14
4707	24107	15
4708	24108	14
4709	24109	14
4710	24110	14
4711	24111	28
4712	24111	17
4713	24111	27
4714	24112	14
4715	24112	21
4716	24112	30
4717	24113	19
4718	24113	31
4719	24115	14
4720	24116	18
4721	24116	24
4722	24116	28
4723	24116	25
4724	24116	21
4725	24118	17
4726	24118	30
4727	24118	22
4728	24119	15
4729	24119	23
4730	24120	17
4731	24120	30
4732	24121	14
4733	24122	14
4734	24123	25
4735	24123	21
4736	24124	27
4737	24124	21
4738	24125	28
4739	24125	25
4740	24126	17
4741	24126	22
4742	24127	22
4743	24127	19
4744	24128	24
4745	24129	24
4746	24129	21
4747	24129	27
4748	24130	17
4749	24130	22
4750	24130	19
4751	24131	17
4752	24131	22
4753	24132	17
4754	24132	32
4755	24133	14
4756	24133	21
4757	24133	27
4758	24136	25
4759	24136	19
4760	24137	19
4761	24138	17
4762	24138	25
4763	24138	18
4764	24138	21
4765	24138	27
4766	24139	23
4767	24139	19
4768	24139	15
4769	24139	25
4770	24139	18
4771	24140	14
4772	24141	14
4773	24142	25
4774	24142	18
4775	24143	25
4776	24143	27
4777	24144	32
4778	24145	25
4779	24145	32
4780	24145	18
4781	24146	14
4782	23976	27
4783	24147	28
4784	24147	14
4785	24147	24
4786	24147	21
4787	24147	27
4788	24147	18
4789	23770	21
4790	24151	28
4791	24151	23
4792	24151	29
4793	23655	18
4794	24154	14
4795	24154	21
4796	24155	15
4797	24156	17
4798	24156	14
4799	24156	18
4800	24157	24
4801	24157	18
4802	24157	15
4803	24158	14
4804	24158	15
4805	24159	22
4806	24160	27
4807	24162	22
4808	24150	15
4809	24150	28
4810	24150	23
4811	24163	23
4812	24163	19
4813	24164	23
4814	24164	29
4815	24165	28
4816	24165	18
4817	24165	26
4818	24166	29
4819	24166	15
4820	24167	17
4821	24167	14
4822	24167	30
4823	24167	15
4824	24167	19
4825	24167	27
4826	24152	14
4827	24152	27
4828	24152	21
4829	24168	17
4830	24168	27
4831	24169	14
4832	24170	17
4833	24170	30
4834	24171	17
4835	24171	30
4836	23323	15
4837	23323	24
4838	24173	25
4839	24173	18
4840	24174	17
4841	24174	14
4842	24174	30
4843	24175	24
4844	24176	14
4845	24177	31
4846	24178	23
4847	24178	15
4848	24180	28
4849	24181	14
4850	24181	18
4851	24149	18
4852	24183	15
4853	24183	30
4854	24183	31
4855	24184	23
4856	24185	17
4857	24185	14
4858	24186	28
4859	24186	24
4860	24188	23
4861	24188	22
4862	24188	15
4863	24189	15
4864	24190	28
4865	24190	25
4866	24191	14
4867	24182	23
4868	24182	30
4869	24182	15
4870	24182	19
4871	24182	27
4872	24182	18
4873	24182	33
4874	24740	18
4875	24740	15
4876	24740	22
4877	24194	23
4878	24196	23
4879	24196	25
4880	24197	32
4881	24198	15
4882	24200	22
4883	24201	22
4884	24202	22
4885	24203	15
4886	24204	17
4887	24205	22
4888	24206	22
4889	24207	23
4890	24207	31
4891	24207	15
4892	24207	19
4893	24079	19
4894	24208	14
4895	24208	17
4896	24209	28
4897	24209	25
4898	24209	15
4899	24209	19
4900	24209	18
4901	24210	23
4902	24210	24
4903	24210	30
4904	24210	31
4905	24210	15
4906	24210	19
4907	24210	18
4908	24740	14
4909	24740	23
4910	24739	34
4911	24739	27
4912	24214	21
4913	24737	23
4914	24736	21
4915	24736	18
4916	24217	18
4917	24218	28
4918	24218	23
4919	24218	15
4920	24218	21
4921	24218	19
4922	24736	24
4923	24736	28
4924	24733	31
4925	24731	17
4926	24731	30
4927	24730	21
4928	24730	27
4929	24730	14
4930	24729	21
4931	24226	17
4932	24226	30
4933	24226	32
4934	24227	23
4935	24228	28
4936	24228	25
4937	24228	14
4938	24228	24
4939	24228	21
4940	24229	17
4941	24229	14
4942	24229	30
4943	24229	15
4944	24229	18
4945	24230	25
4946	24230	14
4947	24230	23
4948	24230	19
4949	24230	27
4950	24729	18
4951	24729	31
4952	24729	14
4953	24729	28
4954	24729	23
4955	24728	35
4956	24728	18
4957	24728	19
4958	24728	15
4959	24728	22
4960	24728	31
4961	24728	14
4962	24728	28
4963	24728	17
4964	24727	22
4965	24727	15
4966	24727	23
4967	24727	14
4968	24727	28
4969	24235	14
4970	24235	15
4971	24000	17
4972	24240	14
4973	24241	17
4974	24241	14
4975	24242	28
4976	24242	14
4977	24242	27
4978	24242	18
4979	24243	14
4980	24243	21
4981	24244	14
4982	24244	24
4983	24244	21
4984	24244	27
4985	24245	14
4986	24245	30
4987	24245	21
4988	24246	17
4989	24246	14
4990	24246	30
4991	24452	24
4992	24452	21
4993	24263	17
4994	24263	14
4995	24263	24
4996	24263	18
4997	24157	28
4998	24157	16
4999	24157	31
5000	24247	24
5001	24247	15
5002	24248	29
5003	24248	33
5004	24249	17
5005	24249	22
5006	24253	14
5007	24253	23
5008	24254	17
5009	24254	14
5010	24254	30
5011	24254	15
5012	24255	17
5013	24255	30
5014	24256	32
5015	24256	14
5016	24256	22
5017	24256	34
5018	24257	17
5019	24257	14
5020	24257	22
5021	24257	34
5022	24726	19
5023	24726	18
5024	24726	27
5025	24726	33
5026	24726	15
5027	24726	20
5028	24726	22
5029	24726	28
5030	24726	17
5031	24725	15
5032	24725	22
5033	24724	15
5034	24266	15
5035	24267	15
5036	24267	33
5037	24269	14
5038	24269	24
5039	24269	27
5040	24270	23
5041	24270	14
5042	24270	27
5043	24271	14
5044	24454	14
5045	24272	17
5046	24273	17
5047	24273	28
5048	24273	22
5049	24274	31
5050	24275	17
5051	24275	14
5052	24275	30
5053	24276	15
5054	24276	18
5055	24276	24
5056	24276	16
5057	24276	31
5058	24276	23
5059	24276	14
5060	24276	29
5061	24276	33
5062	24276	27
5063	24276	25
5064	24276	17
5065	24276	20
5066	24276	21
5067	24276	26
5068	24276	19
5069	24276	30
5070	24276	35
5071	24276	22
5072	24277	23
5073	24402	14
5074	24278	33
5075	24279	23
5076	24279	15
5077	24724	14
5078	24724	28
5079	24723	23
5080	24282	28
5081	24282	23
5082	24723	18
5083	24723	14
5084	24284	33
5085	24285	23
5086	24286	23
5087	24286	14
5088	24287	17
5089	24287	14
5090	24287	31
5091	24288	14
5092	24288	17
5093	24288	22
5094	24289	17
5095	24289	14
5096	24289	15
5097	24290	23
5098	24291	23
5099	24291	15
5100	24292	23
5101	24293	18
5102	24294	14
5103	24721	21
5104	24721	14
5105	24721	28
5106	24720	18
5107	24720	19
5108	24720	15
5109	24720	29
5110	24296	17
5111	24296	14
5112	24296	23
5113	24296	15
5114	24296	33
5115	24296	35
5116	24297	17
5117	24297	25
5118	24297	14
5119	24297	30
5120	24297	23
5121	24297	32
5122	24297	15
5123	24720	14
5124	24720	25
5125	24720	28
5126	24719	35
5127	24719	18
5128	24719	21
5129	24719	24
5130	24719	14
5131	24719	25
5132	24719	28
5133	24718	35
5134	24718	33
5135	24718	27
5136	24718	19
5137	24718	21
5138	24718	15
5139	24718	29
5140	24718	23
5141	24718	31
5142	24718	30
5143	24718	24
5144	24718	25
5145	24718	28
5146	24718	17
5147	24717	14
5148	24715	32
5149	24303	15
5150	24303	19
5151	24715	17
5152	24714	30
5153	24714	18
5154	24714	15
5155	24713	24
5156	24713	27
5157	24306	24
5158	24306	31
5159	24306	35
5160	24307	33
5161	24307	15
5162	24307	23
5163	24713	14
5164	24711	25
5165	24341	33
5166	23530	18
5167	23530	32
5168	24309	14
5169	24309	21
5170	24309	35
5171	24310	14
5172	24310	21
5173	24310	35
5174	24311	17
5175	24311	14
5176	24311	30
5177	24311	23
5178	24311	15
5179	24311	33
5180	24312	14
5181	24313	14
5182	24314	17
5183	24314	14
5184	24314	30
5185	24314	15
5186	24314	33
5187	24315	14
5188	24315	30
5189	24316	17
5190	24316	14
5191	24316	30
5192	24316	15
5193	24317	14
5194	24317	15
5195	24317	23
5196	24317	33
5197	24318	17
5198	24318	14
5199	24318	30
5200	24318	23
5201	24318	15
5202	24318	21
5203	23530	30
5204	23530	24
5205	23530	14
5206	23510	18
5207	24710	15
5208	24321	17
5209	24321	14
5210	24321	30
5211	24321	23
5212	24321	33
5213	24322	17
5214	24322	30
5215	24322	14
5216	24322	23
5217	24322	15
5218	24322	33
5219	24322	35
5220	24709	34
5221	24709	27
5222	24709	19
5223	24709	24
5224	24709	31
5225	24709	25
5226	24709	28
5227	24709	14
5228	24324	14
5229	24324	18
5230	24324	17
5231	24324	30
5232	24324	35
5233	24324	33
5234	24708	18
5235	24708	14
5236	24707	33
5237	24707	18
5238	24707	19
5239	24707	15
5240	24707	29
5241	24707	23
5242	24707	30
5243	24327	23
5244	24327	18
5245	24328	33
5246	24329	17
5247	24707	17
5248	24706	21
5249	24706	15
5250	24706	23
5251	24706	30
5252	24331	17
5253	24331	14
5254	24331	23
5255	24331	15
5256	24331	33
5257	24332	17
5258	24332	23
5259	24332	15
5260	24706	24
5261	24706	14
5262	24706	17
5263	24335	15
5264	24335	33
5265	24335	14
5266	24335	17
5267	24336	17
5268	24336	14
5269	24336	15
5270	24336	33
5271	24337	17
5272	24337	14
5273	24337	30
5274	24337	23
5275	24338	17
5276	24338	14
5277	24338	30
5278	24338	23
5279	24338	19
5280	24338	18
5281	24705	30
5282	24705	17
5283	24705	15
5284	24705	14
5285	24704	30
5286	24704	27
5287	24704	18
5288	24704	15
5289	24341	17
5290	24341	23
5291	24341	15
5292	24343	17
5293	24343	14
5294	24343	23
5295	24343	15
5296	24343	33
5297	24601	31
5298	24366	28
5299	24344	23
5300	24601	28
5301	24601	14
5302	24345	17
5303	24345	14
5304	24345	30
5305	24345	15
5306	24346	23
5307	24704	23
5308	24704	14
5309	24703	33
5310	24703	15
5311	24293	17
5312	24348	17
5313	24348	30
5314	24348	23
5315	24349	30
5316	24349	23
5317	24349	15
5318	24349	33
5319	24350	31
5320	24350	23
5321	24350	15
5322	24350	19
5323	24350	27
5324	24351	18
5325	24351	15
5326	24351	27
5327	24352	14
5328	24352	17
5329	24353	30
5330	24353	23
5331	24353	15
5332	24353	18
5333	24354	23
5334	24354	15
5335	24600	18
5336	23657	28
5337	1141	31
5338	1141	14
5339	24355	23
5340	24356	14
5341	24356	17
5342	24356	33
5343	24357	17
5344	24357	14
5345	24357	30
5346	24357	23
5347	24357	33
5348	24359	14
5349	24359	17
5350	24360	14
5351	24361	15
5352	24361	17
5353	24361	30
5354	23514	14
5355	23514	30
5356	23514	15
5357	24703	30
5358	24703	14
5359	24362	14
5360	24363	14
5361	24703	17
5362	24702	18
5363	24366	14
5364	24702	27
5365	24702	21
5366	24702	15
5367	24702	31
5368	24702	30
5369	24702	24
5370	24702	22
5371	24702	23
5372	24368	17
5373	24368	25
5374	24368	14
5375	24368	24
5376	24368	30
5377	24368	31
5382	24699	27
5383	24372	14
5384	24372	15
5385	24372	23
5386	24372	33
5387	24373	14
5388	24698	18
5389	24698	17
5390	24376	17
5391	24376	14
5392	24376	30
5393	24376	23
5394	24376	15
5395	24376	27
5396	24376	33
5397	24697	18
5398	23982	18
5399	23982	17
5400	24696	35
5401	24378	17
5402	24378	14
5403	24378	15
5404	24696	21
5405	24696	24
5406	24696	25
5407	24696	14
5408	24342	15
5409	24381	24
5410	24695	28
5411	24383	25
5412	24383	27
5413	24383	23
5414	24386	14
5415	24386	24
5416	24386	15
5417	24386	21
5418	24386	27
5419	24386	18
5420	24386	35
5421	24387	14
5422	24387	17
5423	24387	30
5424	24387	24
5425	24387	23
5426	24387	22
5427	24387	29
5428	24387	15
5429	24387	21
5430	24387	18
5431	24388	35
5432	24389	14
5433	24390	14
5434	24391	18
5435	24392	23
5436	24392	29
5437	24393	28
5438	24393	14
5439	24393	24
5440	24393	21
5441	24393	27
5442	23497	14
5443	24694	24
5444	23497	24
5445	23497	21
5446	24394	14
5447	24394	17
5448	24348	15
5449	24348	27
5450	24348	33
5451	24079	27
5452	24079	33
5453	23814	17
5454	24396	17
5455	24397	14
5456	24397	17
5457	24398	17
5458	24398	18
5459	24399	14
5460	24712	24
5461	24712	21
5462	24341	18
5463	24401	14
5464	24401	24
5465	24401	18
5466	24402	30
5467	24402	18
5468	24693	24
5469	24692	19
5470	24692	15
5471	24404	17
5472	24404	30
5473	24404	15
5474	24404	33
5475	24690	18
5476	24690	23
5477	24689	14
5478	24688	14
5479	24687	14
5480	24687	28
5481	24406	23
5482	24406	33
5483	24407	24
5484	24407	31
5485	24407	27
5486	24409	14
5487	24409	23
5488	24409	27
5489	24410	15
5490	24410	22
5491	24410	18
5492	24411	24
5493	24411	21
5494	24411	18
5495	24413	17
5496	24413	14
5497	24413	16
5498	24414	23
5499	23381	14
5500	24686	23
5501	24686	28
5502	24416	28
5503	24416	21
5504	24144	14
5505	24144	17
5506	24685	18
5507	24418	28
5508	24418	24
5509	23548	28
5510	24419	28
5511	24419	25
5512	24419	14
5513	24419	21
5514	24419	18
5515	24421	14
5516	24422	14
5517	23845	19
5518	24685	30
5519	24424	23
5520	24424	15
5521	24424	19
5522	24424	18
5523	24425	14
5524	24425	15
5525	24425	33
5526	24426	17
5527	24426	28
5528	24427	15
5529	24429	25
5530	24180	25
5531	24430	15
5532	24430	25
5533	24431	25
5534	24431	20
5535	24432	15
5536	24685	14
5537	24434	15
5538	24435	25
5539	24436	15
5540	24437	14
5541	24438	14
5542	24439	25
5543	24440	24
5544	24440	25
5545	24441	14
5546	24442	17
5547	24442	32
5548	24443	17
5549	24443	32
5550	24306	14
5551	24444	32
5552	24445	25
5553	24445	20
5554	24447	22
5555	24447	20
5556	24448	23
5557	24449	25
5558	24450	14
5559	24451	17
5560	24451	14
5561	24451	30
5562	24451	15
5563	24451	27
5564	24157	29
5565	24157	33
5566	24157	27
5567	24157	25
5568	24157	17
5569	24157	32
5570	24157	20
5571	24157	21
5572	24157	26
5573	24157	19
5574	24157	30
5575	24157	35
5576	24157	22
5577	24454	24
5578	24454	21
5579	24685	25
5580	24684	18
5581	24684	21
5582	24684	24
5583	24684	28
5584	24683	21
5585	24683	23
5586	23497	27
5587	24683	14
5588	24682	21
5589	24682	20
5590	24682	14
5591	24682	23
5592	24681	27
5593	23987	17
5594	23987	15
5595	23987	33
5596	23987	30
5597	24462	23
5598	24462	28
5599	24462	14
5600	24681	21
5601	24466	23
5602	24466	25
5603	24466	14
5604	24466	30
5605	24466	15
5606	24466	19
5607	24466	18
5608	24467	14
5609	24468	14
5610	24470	28
5611	24470	23
5612	24470	18
5613	24471	23
5614	24471	14
5615	24471	28
5616	24472	14
5617	24472	15
5618	24472	33
5619	24473	14
5620	24474	28
5621	24474	14
5622	24474	15
5623	24474	33
5624	24475	17
5625	24475	28
5626	24475	30
5627	24475	22
5628	24475	29
5629	24475	32
5630	24475	15
5631	24426	25
5632	24426	14
5633	24426	24
5634	24426	30
5635	24426	31
5636	24426	23
5637	24426	22
5638	24426	20
5639	24426	29
5640	24426	15
5641	24426	21
5642	24426	19
5643	24426	27
5644	24426	18
5645	24426	33
5646	24426	35
5647	23548	20
5648	24678	31
5649	24678	19
5650	24479	17
5651	24479	14
5652	24479	22
5653	24479	18
5654	24480	17
5655	24480	14
5656	24480	30
5657	24678	15
5658	24677	19
5659	24483	17
5660	24483	14
5661	24484	17
5662	24484	28
5663	24484	25
5664	24484	14
5665	24484	24
5666	24484	30
5667	24484	31
5668	24484	23
5669	24484	22
5670	24484	20
5671	24484	29
5672	24484	32
5673	24484	34
5674	24484	15
5675	24484	21
5676	24484	19
5677	24484	27
5678	24484	18
5679	24484	33
5680	24484	35
5681	24485	14
5682	24486	17
5683	24486	14
5684	24487	28
5685	24487	14
5686	24487	24
5687	24487	21
5688	24487	18
5689	24488	17
5690	24488	14
5691	24488	18
5692	24490	17
5693	24490	14
5694	24490	24
5695	24490	21
5696	24677	33
5697	24677	15
5698	24675	23
5699	24675	14
5700	24676	24
5701	24492	17
5702	24492	28
5703	24492	14
5704	24492	15
5705	24493	17
5706	24493	14
5707	24493	24
5708	24493	30
5709	24493	15
5710	24493	21
5711	24493	19
5712	24493	18
5713	24493	33
5714	24494	17
5715	24494	14
5716	24494	15
5717	24495	28
5718	24495	14
5719	24495	21
5720	24496	17
5721	24496	14
5722	24496	24
5723	24496	30
5724	24496	15
5725	24496	21
5726	24496	19
5727	24496	18
5728	24496	35
5729	24497	14
5730	24498	17
5731	24498	14
5732	24498	32
5733	24499	17
5734	24499	28
5735	24499	14
5736	24499	30
5737	24499	15
5738	24499	33
5739	24676	14
5740	24503	17
5741	24503	14
5742	24503	30
5743	24503	18
5744	24504	17
5745	24504	14
5746	24504	30
5747	24505	14
5748	24506	14
5749	24506	23
5750	24507	23
5751	24508	17
5752	24508	23
5753	24508	22
5754	24508	15
5755	24508	18
5756	24509	28
5757	24509	14
5758	24509	23
5759	24510	17
5760	24510	25
5761	24510	28
5762	24510	14
5763	24510	24
5764	24510	23
5765	24510	15
5766	24510	18
5767	24510	33
5768	24511	17
5769	24511	14
5770	24511	23
5771	24511	15
5772	24511	33
5773	24512	17
5774	24512	28
5775	24512	14
5776	24512	30
5777	24512	31
5778	24512	23
5779	24512	22
5780	24512	20
5781	24512	32
5782	24512	15
5783	24512	21
5784	24512	19
5785	24512	27
5786	24512	18
5787	24512	33
5788	24512	35
5789	24671	18
5790	24671	28
5791	24670	23
5792	24670	30
5793	24670	14
5794	24670	17
5795	24669	15
5796	24669	23
5797	24669	14
5798	24669	33
5799	24667	33
5800	24667	30
5801	24667	23
5802	24667	18
5803	24667	15
5804	24666	19
5805	24665	18
5806	24515	28
5807	24515	14
5808	24665	24
5809	24517	28
5810	24517	23
5811	24517	18
5812	24665	23
5813	24519	17
5814	24519	14
5815	24520	14
5816	24520	21
5817	24521	17
5818	24521	14
5819	24521	27
5820	24522	14
5821	24523	28
5822	24600	15
5823	24600	28
5824	24600	23
5825	24525	19
5826	24427	18
5827	24662	17
5828	24662	14
5829	24662	24
5830	24662	23
5831	24662	18
5832	24661	18
5833	24661	23
5834	24530	14
5835	24660	18
5836	24533	17
5837	24533	14
5838	24659	18
5839	24659	14
5840	24535	28
5841	24535	14
5842	24535	18
5847	24537	21
5848	24538	17
5849	24538	28
5850	24538	30
5851	24538	15
5852	24538	18
5853	24539	17
5854	24539	28
5855	24539	15
5856	24539	33
5857	24540	17
5858	24540	14
5859	24540	24
5860	24540	30
5861	24540	31
5862	24540	22
5863	24540	34
5864	24540	15
5865	24540	21
5866	24540	19
5867	24540	18
5868	24540	33
5869	24541	14
5870	24128	18
5871	24128	14
5872	24128	28
5873	24543	15
5874	24544	28
5875	24546	15
5876	24547	14
5877	24547	23
5878	24547	18
5879	24548	14
5880	24549	14
5881	24549	23
5882	24657	22
5883	24655	14
5884	24654	33
5885	24654	18
5886	24654	15
5887	24654	27
5888	24654	19
5889	24654	21
5890	24654	20
5891	24654	17
5892	24654	23
5893	24654	28
5894	24554	17
5895	24554	14
5896	24554	21
5897	24554	18
5898	24555	28
5899	24555	14
5900	24555	23
5901	24555	18
5902	24556	21
5903	24557	17
5904	24557	30
5905	24558	17
5906	24558	30
5907	24558	27
5908	24560	28
5909	24562	28
5910	24562	14
5911	24562	18
5912	24563	31
5913	24564	14
5914	24564	29
5915	24564	18
5916	24565	23
5917	24565	15
5918	24566	14
5919	24567	14
5920	24567	18
5921	24654	14
5922	24653	18
5923	24572	14
5924	24653	15
5925	24573	15
5926	24573	28
5927	24573	23
5928	24573	14
5929	24653	22
5930	24653	23
5931	24653	31
5932	24653	14
5933	24653	17
5934	24362	28
5935	24574	28
5936	24574	15
5937	24574	18
5938	24574	33
5939	24575	14
5940	24575	23
5941	24575	15
5942	24652	18
5943	24652	15
5944	24652	21
5945	24577	28
5946	24577	14
5947	24578	28
5948	24578	14
5949	24578	21
5950	24579	28
5951	24579	23
5952	24579	14
5953	24579	29
5954	24581	30
5955	24581	18
5956	24581	15
5957	24583	28
5958	24583	14
5959	24583	18
5960	24584	28
5961	24584	14
5962	24585	28
5963	23530	17
5964	24586	14
5965	24586	18
5966	23789	28
5967	23789	15
5968	23789	18
5969	24590	14
5970	24652	23
5971	24652	14
5972	24652	28
5973	24651	18
5974	24600	33
5975	1141	21
5976	24592	14
5977	24651	28
5978	24650	23
5979	24649	23
5980	24595	17
5981	23330	21
5982	23330	25
5983	24038	17
5984	24038	30
5985	24601	23
5986	24601	21
5987	24601	18
5988	24602	28
5989	24602	14
5990	24602	30
5991	24602	18
5992	23741	18
5993	23741	24
5994	23741	28
5995	23741	16
5996	23741	31
5997	23741	23
5998	23741	14
5999	23741	34
6000	23741	29
6001	23741	33
6002	23741	27
6003	23741	25
6004	23741	17
6005	23741	32
6006	23741	20
6007	23741	21
6008	23741	26
6009	23741	19
6010	23741	30
6011	23741	35
6012	23741	22
6013	24603	17
6014	24603	28
6015	24603	14
6016	24603	25
6017	24603	30
6018	24603	31
6019	24603	23
6020	24603	15
6021	24603	19
6022	24603	27
6023	24603	18
6024	24604	17
6025	24604	14
6026	24604	30
6027	24604	23
6028	24604	20
6029	24604	18
6030	24605	28
6031	24605	23
6032	24605	18
6033	24649	28
6034	24648	14
6035	24607	28
6036	24607	25
6037	24607	24
6038	24607	21
6039	24607	18
6040	24608	14
6041	24608	23
6042	24608	22
6043	24608	18
6044	24582	17
6045	24582	15
6046	24582	19
6047	24582	31
6048	24609	19
6049	24610	17
6050	24610	28
6051	24610	25
6052	24610	14
6053	24610	24
6054	24610	19
6055	24610	15
6056	24610	21
6057	24610	23
6058	24610	18
6059	24611	15
6060	24611	19
6061	24611	22
6062	24612	15
6063	24612	19
6064	23877	18
6065	23877	28
6066	23877	14
6067	24614	14
6068	24614	15
6069	24614	33
6070	24615	14
6071	24615	31
6072	24615	19
6073	24616	31
6074	24616	19
6075	24617	31
6076	24617	15
6077	24617	19
6078	24618	15
6079	24618	19
6080	24618	33
6081	24618	31
6082	24619	19
6083	24619	35
6084	24619	18
6085	24620	28
6086	24620	14
6087	24620	23
6088	24620	18
6089	24621	23
6090	24621	18
6091	24622	23
6092	24622	15
6093	24623	28
6094	24623	14
6095	24623	24
6096	24623	23
6097	24623	21
6098	24623	18
6099	24624	23
6100	24625	28
6101	24625	14
6102	24626	28
6103	24626	23
6104	24647	28
6105	24647	14
6106	24647	23
6107	24628	28
6108	24628	14
6109	24628	24
6110	24628	21
6111	24629	14
6112	24629	16
6113	24630	28
6114	24631	14
6115	24631	27
6116	24631	18
6117	24632	28
6118	24634	14
6119	24634	15
6120	24634	27
6121	24634	19
6122	24634	18
6123	24634	33
6124	24635	28
6125	24635	23
6126	24635	15
6127	24635	33
6128	24636	28
6129	24636	14
6130	24637	28
6131	24637	25
6132	24639	15
6133	24639	19
6134	24639	33
6135	24639	31
6136	24645	28
6137	24645	14
6138	24646	19
6139	24646	31
6140	24646	18
6141	1140	8
6142	1140	1
6143	1140	4
6150	24742	14
6151	24742	23
6157	24749	32
6158	24749	14
6159	24749	17
6160	24749	18
6161	24749	21
6162	24749	23
6163	24749	24
6164	24751	20
6165	24751	22
6166	24752	17
6167	24752	22
6168	24753	15
6169	24753	18
6170	24753	19
6171	24753	14
6172	24753	23
6173	24754	33
6174	24754	18
6175	24754	15
6176	24754	30
6177	24754	23
6178	24755	15
6179	24755	19
6180	24755	31
6181	24756	33
6182	24756	18
6183	24756	15
6184	24756	30
6185	24756	23
6188	24758	17
6189	24758	22
6190	24759	17
6191	24759	22
6192	24760	24
6193	24761	32
6194	24761	17
6195	24761	28
6196	24762	24
6197	23906	27
6198	24764	14
6199	24765	15
6200	24765	22
6201	24765	23
6202	24700	15
6203	24700	22
6204	24700	23
6205	24725	21
6206	24344	15
6207	24766	22
6208	24766	31
6209	24043	25
6210	24043	18
6211	24043	14
6212	24043	23
6213	24035	15
6214	24035	25
6215	24035	18
6216	24035	23
6217	24035	31
6218	24045	14
6219	24044	23
6220	24044	19
6221	24044	22
6222	24044	30
6223	24044	31
6224	24028	18
6225	24028	28
6226	24028	23
6227	24767	18
6228	24767	20
6229	24767	26
6230	24767	23
6231	24768	15
6232	24768	18
6233	24768	19
6234	24768	20
6235	24768	23
6236	24768	25
6237	24768	26
6238	24768	27
6239	24768	31
6240	24769	18
6241	24769	19
6242	24769	20
6243	24769	34
6244	24769	23
6245	24770	14
6246	24770	18
6247	24770	19
6248	24770	20
6249	24770	23
6250	24770	25
6251	24770	26
6252	24770	28
6253	24771	14
6254	24771	17
6255	24771	18
6256	24771	19
6257	24771	20
6258	24771	22
6259	24771	23
6260	24771	25
6261	24771	26
6262	24771	28
6263	24771	31
6264	24772	18
6265	24772	19
6266	24772	20
6267	24772	23
6268	24772	25
6269	24772	26
6270	24773	14
6271	24773	18
6272	24773	19
6273	24773	20
6274	24773	22
6275	24773	23
6276	24773	25
6277	24773	26
6278	24773	28
6279	24774	25
6280	24774	18
6281	24774	19
6282	24774	20
6283	24774	23
6284	24775	18
6285	24775	19
6286	24775	20
6287	24775	23
6288	24775	25
6289	24775	28
6290	24775	31
6291	24776	18
6292	24776	19
6293	24776	20
6294	24776	23
6295	24776	25
6296	24776	26
6297	24777	25
6298	24777	18
6299	24777	19
6300	24777	20
6301	24777	23
6302	23929	20
6303	23928	34
6304	23928	14
6305	23928	15
6306	23928	17
6307	23928	20
6308	23928	24
6309	23928	26
6310	23928	27
6311	23928	31
6482	24796	15
6483	24796	17
6484	24796	18
6485	24796	19
6486	24796	22
6487	24796	30
6488	24797	14
6489	24797	15
6490	24797	18
6491	24797	19
6492	24797	20
6493	24797	21
6494	24797	22
6495	24797	23
6496	24797	24
6497	24797	25
6498	24797	26
6499	24798	14
6500	24798	15
6501	24798	16
6502	24798	17
6503	24798	18
6504	24798	19
6505	24798	20
6506	24798	21
6507	24798	22
6508	24798	23
6509	24798	24
6510	24798	25
6511	24798	26
6512	24799	18
6513	24799	19
6514	24799	20
6515	24799	22
6516	24799	15
6517	24800	14
6518	24800	15
6519	24800	17
6520	24800	18
6521	24800	19
6522	24800	20
6523	24800	21
6524	24800	22
6525	24800	27
6526	24800	28
6527	24800	29
6528	24800	31
\.


