3073	2552	17
3077	2666	21
3078	2776	20
3079	2777	15
3080	2782	17
3081	2862	17
3082	2870	20
3086	3037	14
3087	3042	14
3088	3187	18
3090	3348	23
3091	3361	18
3092	3362	18
3094	3422	18
3096	3484	17
3097	3599	18
3098	3621	17
3099	3798	17
3105	3953	18
3106	4053	17
3107	4082	18
3111	4118	14
3112	4119	14
3113	4120	14
3114	4121	15
3115	4299	26
3116	4298	14
3117	4299	14
3118	4300	14
3119	4401	18
3120	4401	23
3121	4402	18
3122	4424	23
3123	22662	22
3124	22662	17
3125	22661	15
3126	22661	18
3127	3953	14
3133	4066	18
3134	4082	22
3141	4118	31
3142	4119	31
3143	4120	22
3144	4121	17
3145	4121	30
3146	4121	22
3147	4121	33
3151	4299	17
3152	4299	32
3153	4299	24
3154	4299	30
3155	4299	22
3156	4300	17
3157	4300	24
3158	4300	30
3159	4300	29
3160	4402	15
3161	4402	23
3162	4424	18
3163	4424	22
3164	22675	17
3165	22675	28
3166	22675	14
3167	22675	30
3168	22675	23
3169	22675	32
3170	22675	33
3181	23971	35
3184	22956	33
3185	23971	25
3186	22956	15
3187	22957	17
3188	22957	32
3189	22957	21
3190	22957	30
3191	22957	22
3192	22958	18
3193	22958	28
3194	22958	25
3195	22960	18
3196	22962	14
3197	22962	30
3198	22962	21
3199	22962	19
3203	23306	18
3204	23306	14
3205	23307	22
3212	23309	28
3213	23309	24
3214	23309	23
3215	23309	19
3216	23309	18
3223	23311	14
3224	23311	24
3225	23311	18
3226	23312	22
3227	23312	18
3228	23318	22
3229	23319	22
3230	23320	23
3231	23320	18
3232	23321	15
3233	23321	23
3234	23321	18
3236	24598	15
3237	24040	17
3238	23330	27
3239	23331	29
3240	23332	15
3241	23334	17
3242	23335	22
3243	23333	17
3244	23336	17
3245	23336	14
3248	23339	18
3249	23339	14
3252	23341	22
3253	23341	20
3254	23342	17
3255	23342	30
3256	23342	23
3257	23342	22
3262	23344	17
3263	23344	14
3264	23344	30
3265	23344	22
3266	23344	15
3267	23344	18
3268	23345	17
3269	23345	14
3270	23347	14
3271	23345	22
3272	23345	15
3273	23345	18
3274	23347	15
3275	23347	17
3276	23347	22
3277	23347	18
3278	23348	14
3279	23348	15
3280	23348	17
3281	23348	22
3282	23348	18
3283	23349	14
3284	23349	17
3285	23349	30
3286	23349	22
3287	23349	15
3288	23349	18
3289	23350	15
3290	23350	17
3291	23350	14
3292	23350	30
3293	23350	22
3294	23350	18
3295	23351	17
3296	23351	30
3297	23351	18
3298	23352	17
3299	23352	28
3300	23352	30
3301	23352	31
3302	23352	23
3303	23352	22
3304	23352	15
3305	23352	19
3306	23352	27
3307	23352	18
3309	23354	31
3310	23354	23
3311	23354	15
3312	23354	18
3314	23357	23
3316	23357	15
3317	24001	30
3318	24001	33
3319	24001	22
3320	24001	15
3321	24001	29
3323	23358	18
3324	23359	17
3325	23359	30
3326	23359	22
3327	23359	27
3328	23359	18
3343	23362	14
3344	23363	17
3345	23363	14
3346	23363	30
3347	23363	23
3348	23363	15
3349	23363	27
3350	23363	18
3351	23364	14
3352	23364	22
3353	23364	27
3354	23364	18
3355	23368	15
3356	23368	23
3357	23368	14
3358	23368	18
3359	23369	18
3360	23369	14
3361	23370	34
3362	23370	21
3363	23371	14
3364	23372	23
3365	23373	22
3366	23374	14
3367	23375	28
3368	23375	31
3369	23375	23
3370	23375	22
3371	23375	15
3372	23376	31
3373	23376	15
3374	23376	23
3375	23377	17
3376	23377	30
3377	23378	17
3378	23378	14
3379	23379	17
3380	23380	17
3381	23380	14
3382	23381	23
3383	23382	23
3384	23384	23
3385	23384	18
3386	23386	15
3387	23386	23
3388	23386	17
3389	23387	24
3390	23388	23
3391	23389	18
3392	23390	23
3393	23391	15
3394	23391	23
3396	23393	14
3397	23393	18
3398	23394	29
3399	23394	23
3400	23396	23
3404	23398	23
3405	23399	23
3407	23401	31
3408	23401	19
3409	23403	23
3410	23403	18
3411	23404	14
3412	23404	17
3413	23404	32
3414	23404	30
3415	23402	28
3416	23413	14
3417	23402	14
3418	23406	28
3419	23407	14
3420	23407	28
3421	23408	17
3422	23408	28
3423	23408	22
3429	23410	17
3430	23410	28
3431	23410	30
3432	23410	23
3433	23410	15
3434	23411	17
3435	23411	28
3436	23411	30
3439	23413	17
3440	23413	28
3441	23414	28
3442	23414	18
3456	23420	15
3457	23420	18
3458	23421	15
3459	23421	18
3460	23421	19
3461	23422	30
3462	23422	17
3463	23423	28
3464	23423	25
3465	23423	18
3466	23424	14
3467	23424	21
3468	23424	27
3469	23425	15
3470	23425	23
3471	23426	14
3472	23427	24
3473	23427	21
3474	23427	27
3475	23427	18
3476	23432	14
3477	23433	22
3478	23433	19
3479	23434	14
3485	23436	25
3486	23436	14
3487	23436	23
3488	23436	21
3489	23436	19
3490	23436	18
3491	23437	28
3492	23437	25
3493	23437	15
3498	23440	14
3499	23440	24
3500	23441	14
3501	23441	18
3502	23441	27
3503	23441	23
3504	23442	14
3505	23442	18
3506	23444	15
3507	23303	17
3508	23303	25
3509	23303	14
3510	23303	24
3511	23303	22
3512	23303	21
3513	23303	27
3515	23995	14
3518	23448	15
3519	23448	19
3520	23448	33
3523	24003	14
3526	23453	15
3527	23453	18
3528	23454	14
3529	23455	14
3530	23455	30
3531	23455	21
3532	23456	14
3533	23457	24
3534	23458	18
3536	23460	14
3537	23461	14
3543	23465	23
3544	23465	15
3545	23465	33
3546	23466	33
3547	23467	15
3548	23467	23
3549	23468	15
3550	23469	15
3551	23469	23
3552	23470	15
3553	23470	23
3554	23472	23
3555	23473	23
3559	23476	14
3560	23476	22
3561	23476	18
3562	23477	31
3563	23477	34
3564	23478	28
3565	23478	23
3566	23480	28
3567	23480	18
3573	23483	28
3574	23483	18
3575	23484	24
3576	23484	21
3577	23484	18
3578	23484	16
3579	23485	14
3580	23486	14
3581	23486	29
3582	23487	14
3583	23487	23
3584	23487	18
3585	23488	25
3586	23491	28
3587	23491	24
3588	23491	21
3589	23491	18
3590	23491	35
3591	23494	14
3592	23495	17
3593	23495	30
3594	23496	23
3595	23496	18
3596	23497	17
3597	23497	28
3598	23498	24
3599	23499	23
3600	23499	18
3601	23501	14
3602	23500	14
3603	23501	21
3604	23501	27
3605	23501	18
3606	23502	17
3607	23502	14
3608	23502	30
3609	23502	23
3610	23502	15
3611	23502	18
3612	23503	14
3613	23503	21
3614	23504	14
3615	23505	14
3616	23507	28
3617	23507	25
3618	23507	14
3619	23508	14
3620	23508	21
3621	23508	27
3622	23508	18
3623	23511	23
3624	23511	15
3625	23511	18
3626	23513	23
3627	23513	18
3628	23513	33
3629	23513	34
3630	24155	23
3631	24079	18
3632	23514	17
3633	23516	17
3634	23516	30
3635	23516	23
3636	23516	15
3639	23520	17
3640	23520	22
3641	23521	35
3642	23522	28
3643	23522	14
3644	23522	18
3645	23523	17
3646	23523	22
3647	23524	28
3648	23524	25
3649	23525	15
3650	23526	24
3651	23526	27
3654	23528	14
3655	23528	24
3656	23528	21
3657	23528	27
3658	23529	14
3659	23530	28
3660	24586	28
3661	23531	24
3662	23531	21
3664	23533	24
3665	23533	21
3666	23534	28
3667	23534	25
3668	23534	14
3669	23534	24
3670	23535	24
3671	23535	16
3672	23536	24
3673	23536	14
3674	23536	21
3675	23536	35
3676	23537	24
3677	23537	27
3678	23538	24
3679	23538	27
3680	23539	24
3681	23539	14
3682	23540	24
3683	23540	14
3684	23540	18
3685	23541	14
3686	23541	24
3687	23541	18
3690	23546	14
3691	23546	32
3692	23546	17
3693	23546	30
3694	23546	22
3695	23510	15
3696	23547	14
3697	23510	14
3698	23510	21
3699	23544	18
3700	23544	26
3701	23548	24
3702	23548	21
3703	23549	14
3704	23549	18
3706	23550	18
3707	23550	23
3708	23550	29
3709	23551	31
3710	23551	34
3711	23552	15
3712	23552	19
3715	23556	23
3716	23557	23
3717	23558	23
3718	23559	23
3719	23560	23
3720	23561	23
3721	23562	23
3722	23563	23
3723	23564	23
3724	23565	23
3726	23567	23
3727	24001	18
3728	23570	21
3729	23570	25
3730	23570	14
3731	23570	28
3732	23571	14
3733	23571	18
3734	23571	28
3735	23572	31
3736	23572	15
3737	23572	19
3741	1140	18
3742	1140	14
3745	23970	22
3746	23576	25
3747	23576	14
3748	23970	20
3749	23576	21
3750	23971	28
3751	23578	18
3752	23578	19
3753	23579	14
3754	23581	23
3755	23580	20
3756	23582	21
3757	23582	19
3758	23582	18
3759	23582	23
3760	23582	17
3761	23582	25
3762	23582	14
3763	23584	21
3764	23584	27
3765	23584	14
3766	23585	19
3767	23585	18
3768	23585	31
3769	23586	30
3770	23586	17
3771	23586	21
3772	23586	18
3773	23586	33
3774	23587	14
3775	23587	26
3776	23588	15
3777	23588	23
3780	23590	17
3781	23591	21
3782	23591	25
3783	23592	14
3784	23593	15
3785	23593	18
3786	23593	33
3787	23593	35
3788	23594	15
3789	23595	18
3790	23595	35
3791	23596	21
3792	23596	23
3793	23596	14
3795	23601	34
3796	23601	18
3797	23603	15
3798	23602	23
3799	23603	19
3800	23603	18
3801	23604	14
3802	23604	21
3804	23606	17
3805	23606	14
3806	23606	24
3807	23606	30
3808	23606	22
3809	23606	34
3810	23606	15
3811	23606	19
3812	23606	18
3813	23607	14
3814	23608	14
3815	24602	17
3816	23609	14
3817	23609	18
3821	23613	14
3831	23616	17
3832	23616	28
3833	23616	25
3834	23616	14
3835	23616	24
3836	23616	23
3837	23616	21
3838	23616	27
3839	23616	18
3841	23618	17
3842	23618	25
3843	23618	14
3844	23618	24
3845	23618	23
3846	23618	21
3847	23618	27
3848	23618	18
3851	23620	32
3852	23620	17
3853	23620	14
3854	23621	25
3855	23621	14
3856	23621	24
3857	23621	30
3858	23621	31
3859	23621	22
3860	23621	21
3861	23621	27
3862	23622	25
3863	23622	23
3864	23622	27
3865	23622	18
3866	23623	17
3867	23623	28
3868	23623	25
3869	23623	14
3870	23623	30
3871	23624	28
3872	24001	19
3873	23624	24
3874	23624	21
3875	23624	27
3876	23624	18
3877	23626	14
3878	23626	24
3879	23627	14
3880	23627	21
3881	23629	23
3882	23630	17
3883	23630	14
3884	23630	22
3885	23631	14
3886	23631	18
3887	23632	15
3888	23634	21
3889	23636	14
3890	23636	18
3891	23636	23
3892	23637	23
3893	23637	18
3894	23638	17
3895	23638	28
3896	23638	23
3897	23639	14
3898	23639	17
3899	23639	30
3900	23640	14
3901	23640	21
3902	23641	17
3903	23641	30
3904	23642	21
3905	23642	17
3906	23642	18
3907	23643	14
3908	23643	30
3909	23644	17
3910	23644	18
3913	24001	27
3917	23647	17
3918	23647	14
3919	23647	30
3920	23647	21
3921	23647	33
3922	23648	14
3923	23648	18
3924	23650	14
3925	23651	15
3926	23652	14
3927	23653	14
3928	23654	14
3929	23655	14
3930	23655	27
3931	23656	14
3932	23658	15
3933	23657	14
3939	23664	15
3940	23664	23
3941	23665	17
3942	23665	14
3943	23666	14
3944	23667	14
3946	23669	23
3950	23672	15
3951	23672	23
3954	23674	15
3955	23674	23
3958	23676	23
3963	23682	15
3964	23683	14
3965	23685	23
3991	23703	23
3992	23704	23
3993	23704	29
3994	23706	23
3995	23707	23
3996	23709	23
3997	23710	23
3998	23711	17
3999	23712	18
4000	23712	14
4001	23712	25
4002	23712	21
4003	23716	24
4004	24589	27
4005	24589	21
4006	23718	14
4007	23718	23
4008	23718	27
4009	23718	21
4010	23719	14
4012	23721	14
4013	23721	17
4014	23722	17
4015	23722	14
4016	23722	30
4017	23722	33
4018	23722	21
4019	23723	14
4020	23723	17
4021	23723	32
4022	23724	34
4023	23724	33
4024	23724	31
4025	23725	14
4026	23725	18
4027	23725	27
4028	23725	17
4029	23725	32
4030	23726	14
4031	23726	18
4032	23727	14
4033	23727	17
4035	23728	19
4036	23728	18
4037	23729	14
4038	23729	23
4039	23729	18
4040	23973	14
4041	23738	26
4042	23735	26
4043	23737	26
4044	23736	26
4045	23739	26
4046	23740	26
4047	23741	15
4048	23743	26
4049	23744	26
4050	23745	17
4051	23747	23
4052	23748	14
4053	23748	15
4054	23748	18
4055	23748	23
4060	23750	14
4061	23750	17
4062	23750	30
4063	23750	21
4064	23751	14
4065	24157	34
4066	24157	14
4067	24157	23
4068	23973	17
4069	23753	22
4071	23755	14
4073	23758	15
4074	23758	14
4075	23759	15
4076	23760	14
4077	23760	23
4078	23760	15
4079	23761	30
4080	23761	17
4081	23761	32
4082	23763	17
4083	23763	32
4086	24659	28
4087	23765	14
4088	23766	14
4090	23768	14
4091	23768	18
4092	23817	14
4093	23768	24
4094	24149	25
4095	23773	18
4096	23773	14
4097	23775	14
4098	23775	15
4099	23573	15
4100	23776	23
4101	23776	21
4102	23777	26
4103	23780	14
4104	23780	28
4105	23781	25
4106	23781	26
4107	23782	14
4108	23782	17
4109	23784	14
4110	23785	15
4111	23785	18
4112	23785	23
4113	23785	14
4114	23772	24
4115	23772	14
4119	23789	14
4120	23790	21
4122	23793	14
4123	23793	17
4124	23793	21
4125	23794	15
4126	23794	18
4127	23794	23
4128	23795	15
4129	23795	23
4130	23797	15
4131	23797	18
4132	24093	19
4133	23798	14
4134	23799	23
4135	23801	23
4143	23804	23
4147	23807	21
4148	23808	15
4149	23809	18
4150	23809	14
4151	23809	28
4154	23811	17
4155	23811	32
4156	23811	14
4157	23813	14
4158	23814	14
4159	24411	27
4160	24341	30
4161	24712	14
4162	23815	24
4163	23633	14
4164	23816	24
4165	23816	21
4166	23817	18
4169	23823	14
4181	23828	23
4182	23828	18
4183	23829	23
4184	23830	21
4186	23837	14
4187	23838	14
4188	23839	25
4189	23840	21
4190	23840	14
4191	23840	25
4192	23841	21
4193	23841	25
4194	23841	35
4195	23842	21
4196	23842	25
4197	23842	35
4198	23774	24
4199	23774	28
4200	23774	25
4201	23774	21
4202	23843	21
4203	23844	15
4204	23844	18
4205	23844	17
4206	23845	17
4207	23845	30
4208	23845	22
4209	23845	20
4210	24683	28
4211	23846	32
4212	23355	14
4213	23853	14
4214	23853	16
4215	23853	18
4216	23853	26
4217	23855	17
4218	23855	32
4219	23857	14
4220	23857	17
4221	23859	14
4222	23220	23
4223	23843	14
4224	23864	18
4225	23864	14
4226	23864	24
4227	23865	21
4228	23867	14
4229	23387	14
4230	23387	26
4231	23869	15
4233	23869	33
4237	23871	25
4238	23871	21
4239	23871	27
4241	23878	27
4242	23878	21
4243	23878	14
4244	23879	24
4245	23879	16
4246	23879	14
4247	23879	21
4248	23880	18
4249	23880	15
4250	23880	23
4251	23880	14
4252	23880	31
4253	23881	18
4254	23881	23
4255	23332	18
4261	23884	14
4262	23887	14
4263	23549	15
4264	23888	23
4266	23890	14
4267	23892	29
4268	23892	18
4269	23892	26
4270	23892	19
4271	23892	30
4272	23893	15
4273	23893	18
4274	23893	23
4275	23893	14
4276	23893	34
4277	23893	33
4278	23893	26
4279	23893	19
4280	23893	30
4281	23894	15
4282	23894	14
4283	23894	26
4284	23891	14
4285	23891	24
4286	23895	14
4287	23896	14
4288	23895	18
4289	23897	14
4290	23897	18
4291	23898	24
4292	23898	14
4293	23902	18
4294	23902	14
4295	23903	24
4296	23903	18
4297	23903	14
4298	23903	23
4299	23902	23
4300	23904	14
4301	23904	29
4302	23904	18
4303	23486	23
4304	23905	26
4305	23905	25
4306	23906	14
4307	23906	18
4310	23906	24
4311	23907	21
4312	23907	17
4313	23907	18
4314	23908	14
4315	23908	21
4316	23909	17
4317	23909	30
4318	23910	14
4319	23910	23
4320	23910	18
4321	23912	14
4322	23913	14
4323	23914	21
4324	23914	14
4325	23915	14
4326	23916	14
4327	23916	25
4328	23917	14
4329	23917	21
4330	23917	26
4331	23918	25
4332	23918	14
4333	23919	14
4334	23919	23
4335	23920	14
4336	23920	23
4337	23921	14
4338	23921	15
4339	23921	23
4340	23921	27
4341	23921	21
4342	23922	18
4343	23922	23
4344	23922	25
4345	23923	21
4346	23923	27
4347	23923	23
4348	23923	18
4349	23923	15
4350	23924	24
4351	23924	16
4352	23924	28
4353	23925	14
4354	23925	21
4355	23925	35
4356	23926	35
4357	23926	20
4358	23926	34
4359	23926	31
4360	23927	14
4361	23927	20
4362	23927	19
4363	23927	31
4364	23928	19
4365	23928	22
4366	23929	14
4367	23929	18
4368	23929	19
4369	23930	14
4370	23932	23
4371	23932	19
4372	23932	20
4374	23930	31
4375	23930	34
4376	23930	19
4377	23457	14
4380	23935	22
4383	23944	23
4394	23939	34
4396	23939	14
4397	23939	28
4398	23939	21
4399	23939	27
4400	23940	26
4401	23940	18
4402	23940	21
4403	23940	28
4404	23940	14
4405	23940	27
4406	23943	23
4410	23947	18
4412	23949	14
4413	23950	15
4414	23950	23
4415	23951	14
4416	23951	17
4417	23951	32
4418	23952	32
4419	23952	17
4421	23955	23
4422	23955	29
4423	23956	23
4425	23959	35
4426	23959	21
4427	23959	25
4428	23962	19
4431	23306	24
4433	23968	29
4434	23973	21
4435	23974	21
4436	23974	27
4437	23975	20
4438	23976	21
4439	23977	18
4440	23977	14
4441	23977	25
4442	23977	21
4443	23978	21
4444	23978	35
4445	23979	25
4446	23979	26
4447	23979	24
4448	23980	15
4449	23980	18
4450	23980	23
4451	23982	22
4452	23981	15
4453	23983	15
4454	23984	14
4455	23984	18
4456	23985	15
4457	23986	15
4458	23986	34
4459	23986	31
4460	23986	19
4461	23988	15
4462	23988	23
4463	23988	14
4464	23988	18
4465	23989	23
4466	23989	15
4467	23990	30
4468	23990	21
4469	23990	14
4473	24004	14
4477	24008	17
4478	24008	14
4479	24008	30
4480	24008	21
4481	24009	14
4482	24010	17
4483	24010	27
4484	24011	22
4485	24013	19
4488	24016	27
4489	24016	25
4490	24017	24
4491	24017	27
4500	23630	27
4501	24025	19
4502	24026	15
4503	24026	19
4504	24001	23
4505	24027	24
4506	24027	21
4507	23413	30
4508	24028	25
4509	24028	20
4510	24029	28
4511	24029	31
4512	24029	18
4513	24029	22
4514	24029	15
4515	24029	21
4516	24029	19
4517	24029	27
4518	24029	23
4519	24030	17
4520	24030	28
4521	24030	30
4522	24031	28
4523	24031	14
4525	24035	20
4526	24035	19
4527	24035	22
4528	24036	28
4529	24036	31
4530	24036	23
4531	24036	22
4532	24036	15
4533	24036	21
4534	24036	19
4535	24036	27
4536	24036	18
4541	24038	15
4542	24039	15
4543	24039	19
4544	24040	32
4545	24041	32
4546	24041	17
4547	24042	17
4548	23333	14
4549	23981	23
4550	24043	20
4551	24035	27
4552	24043	19
4553	24043	22
4554	24044	28
4555	24044	25
4556	24044	20
4557	24045	28
4558	24045	25
4559	24045	18
4560	24046	14
4561	24046	27
4562	24046	21
4563	24047	19
4564	24047	31
4565	24047	28
4566	24047	25
4567	24047	14
4568	24048	14
4569	24048	24
4570	24048	21
4571	24049	15
4572	24050	19
4573	24050	20
4574	24050	22
4578	24049	18
4579	24052	15
4580	24052	25
4581	24053	15
4582	24053	31
4583	24054	17
4584	24054	14
4585	24054	25
4586	24054	30
4587	24054	31
4588	24054	23
4589	24054	22
4590	24054	19
4591	24054	18
4592	24055	17
4593	24055	22
4594	24055	30
4595	24056	23
4596	24056	19
4597	24056	18
4598	24057	15
4599	24057	19
4600	24058	15
4601	24058	19
4602	24059	15
4603	24059	19
4604	24060	19
4605	24061	14
4606	24061	18
4607	24062	17
4608	24062	14
4609	24062	30
4610	24062	22
4611	24062	15
4612	24062	18
4613	24063	14
4614	24063	25
4615	24063	23
4616	24063	27
4617	24064	15
4618	24064	19
4619	24065	28
4620	24065	31
4621	24065	25
4622	24065	20
4623	24065	19
4624	24066	19
4625	24066	15
4626	24069	28
4627	24069	14
4628	24069	24
4629	24069	21
4630	24069	27
4631	24070	28
4632	24070	25
4633	24070	14
4634	24070	24
4635	24070	21
4636	23372	28
4637	24071	14
4638	24071	23
4639	24072	15
4640	24073	31
4641	24073	22
4642	24073	15
4643	24074	17
4644	24074	28
4645	24074	14
4646	24074	30
4647	24074	23
4648	24074	22
4649	24074	18
4650	24075	14
4651	24075	29
4652	24075	19
4653	24075	18
4654	23637	15
4655	23638	25
4656	23638	14
4657	23638	21
4658	24076	17
4659	24076	22
4660	24077	15
4661	24078	28
4662	24078	24
4663	24078	23
4664	24078	15
4665	24078	21
4666	24078	27
4667	24079	23
4668	24082	15
4669	24081	15
4670	24080	21
4671	24080	19
4672	24080	23
4673	24080	22
4674	24080	15
4675	24083	14
4676	24084	28
4677	24084	25
4678	24085	23
4683	24088	14
4684	24090	14
4687	24093	15
4688	24094	27
4689	24094	18
4690	24095	21
4691	24095	22
4692	24095	23
4693	24097	18
4694	24097	24
4695	24098	24
4696	24098	27
4697	24098	18
4698	24099	18
4699	24099	25
4700	24100	31
4701	24100	28
4702	24100	26
4703	23857	30
4704	23857	33
4705	24105	15
4706	24106	14
4707	24107	15
4708	24108	14
4709	24109	14
4710	24110	14
4711	24111	28
4712	24111	17
4713	24111	27
4714	24112	14
4715	24112	21
4716	24112	30
4717	24113	19
4718	24113	31
4719	24115	14
4720	24116	18
4721	24116	24
4722	24116	28
4723	24116	25
4724	24116	21
4725	24118	17
4726	24118	30
4727	24118	22
4734	24123	25
4735	24123	21
4736	24124	27
4737	24124	21
4738	24125	28
4739	24125	25
4740	24126	17
4741	24126	22
4742	24127	22
4743	24127	19
4744	24128	24
4745	24129	24
4746	24129	21
4747	24129	27
4748	24130	17
4749	24130	22
4750	24130	19
4751	24131	17
4752	24131	22
4753	24132	17
4754	24132	32
4755	24133	14
4756	24133	21
4757	24133	27
4758	24136	25
4759	24136	19
4760	24137	19
4761	24138	17
4762	24138	25
4763	24138	18
4764	24138	21
4765	24138	27
4766	24139	23
4767	24139	19
4768	24139	15
4769	24139	25
4770	24139	18
4771	24140	14
4772	24141	14
4781	24146	14
4782	23976	27
4789	23770	21
4793	23655	18
4794	24154	14
4795	24154	21
4796	24155	15
4797	24156	17
4798	24156	14
4799	24156	18
4800	24157	24
4801	24157	18
4802	24157	15
4803	24158	14
4804	24158	15
4805	24159	22
4806	24160	27
4807	24162	22
4808	24150	15
4809	24150	28
4810	24150	23
4811	24163	23
4812	24163	19
4813	24164	23
4814	24164	29
4815	24165	28
4816	24165	18
4817	24165	26
4820	24167	17
4821	24167	14
4822	24167	30
4823	24167	15
4824	24167	19
4825	24167	27
4826	24152	14
4827	24152	27
4828	24152	21
4829	24168	17
4830	24168	27
4831	24169	14
4832	24170	17
4833	24170	30
4834	24171	17
4835	24171	30
4836	23323	15
4837	23323	24
4838	24173	25
4839	24173	18
4840	24174	17
4841	24174	14
4842	24174	30
4843	24175	24
4844	24176	14
4845	24177	31
4846	24178	23
4847	24178	15
4848	24180	28
4849	24181	14
4850	24181	18
4851	24149	18
4852	24183	15
4853	24183	30
4854	24183	31
4855	24184	23
4858	24186	28
4859	24186	24
4860	24188	23
4861	24188	22
4862	24188	15
4863	24189	15
4864	24190	28
4865	24190	25
4866	24191	14
4867	24182	23
4868	24182	30
4869	24182	15
4870	24182	19
4871	24182	27
4872	24182	18
4873	24182	33
4874	24740	18
4875	24740	15
4876	24740	22
4877	24194	23
4878	24196	23
4879	24196	25
4880	24197	32
4881	24198	15
4882	24200	22
4883	24201	22
4884	24202	22
4885	24203	15
4886	24204	17
4887	24205	22
4888	24206	22
4889	24207	23
4890	24207	31
4891	24207	15
4892	24207	19
4893	24079	19
4894	24208	14
4895	24208	17
4896	24209	28
4897	24209	25
4898	24209	15
4899	24209	19
4900	24209	18
4901	24210	23
4902	24210	24
4903	24210	30
4904	24210	31
4905	24210	15
4906	24210	19
4907	24210	18
4908	24740	14
4909	24740	23
4912	24214	21
4914	24736	21
4915	24736	18
4916	24217	18
4917	24218	28
4918	24218	23
4919	24218	15
4920	24218	21
4921	24218	19
4922	24736	24
4923	24736	28
4924	24733	31
4925	24731	17
4926	24731	30
4927	24730	21
4928	24730	27
4929	24730	14
4930	24729	21
4931	24226	17
4932	24226	30
4933	24226	32
4934	24227	23
4935	24228	28
4936	24228	25
4937	24228	14
4938	24228	24
4939	24228	21
4940	24229	17
4941	24229	14
4942	24229	30
4943	24229	15
4944	24229	18
4945	24230	25
4946	24230	14
4947	24230	23
4948	24230	19
4949	24230	27
4950	24729	18
4951	24729	31
4952	24729	14
4953	24729	28
4954	24729	23
4955	24728	35
4956	24728	18
4957	24728	19
4958	24728	15
4959	24728	22
4960	24728	31
4961	24728	14
4962	24728	28
4963	24728	17
4964	24727	22
4965	24727	15
4966	24727	23
4967	24727	14
4968	24727	28
4969	24235	14
4970	24235	15
4971	24000	17
4972	24240	14
4973	24241	17
4974	24241	14
4975	24242	28
4976	24242	14
4977	24242	27
4978	24242	18
4979	24243	14
4980	24243	21
4985	24245	14
4986	24245	30
4987	24245	21
4988	24246	17
4989	24246	14
4990	24246	30
4991	24452	24
4992	24452	21
4993	24263	17
4994	24263	14
4995	24263	24
4996	24263	18
4997	24157	28
4998	24157	16
4999	24157	31
5000	24247	24
5001	24247	15
5002	24248	29
5003	24248	33
5004	24249	17
5005	24249	22
5006	24253	14
5007	24253	23
5008	24254	17
5009	24254	14
5010	24254	30
5011	24254	15
5012	24255	17
5013	24255	30
5014	24256	32
5015	24256	14
5016	24256	22
5017	24256	34
5018	24257	17
5019	24257	14
5020	24257	22
5021	24257	34
5022	24726	19
5023	24726	18
5024	24726	27
5025	24726	33
5026	24726	15
5027	24726	20
5028	24726	22
5029	24726	28
5030	24726	17
5031	24725	15
5032	24725	22
5033	24724	15
5034	24266	15
5035	24267	15
5036	24267	33
5037	24269	14
5038	24269	24
5039	24269	27
5040	24270	23
5041	24270	14
5042	24270	27
5043	24271	14
5044	24454	14
5046	24273	17
5047	24273	28
5048	24273	22
5049	24274	31
5050	24275	17
5051	24275	14
5052	24275	30
5053	24276	15
5054	24276	18
5055	24276	24
5056	24276	16
5057	24276	31
5058	24276	23
5059	24276	14
5060	24276	29
5061	24276	33
5062	24276	27
5063	24276	25
5064	24276	17
5065	24276	20
5066	24276	21
5067	24276	26
5068	24276	19
5069	24276	30
5070	24276	35
5071	24276	22
5072	24277	23
5073	24402	14
5074	24278	33
5075	24279	23
5076	24279	15
5077	24724	14
5078	24724	28
5079	24723	23
5080	24282	28
5081	24282	23
5082	24723	18
5083	24723	14
5084	24284	33
5085	24285	23
5086	24286	23
5087	24286	14
5094	24289	17
5095	24289	14
5096	24289	15
5098	24291	23
5099	24291	15
5100	24292	23
5101	24293	18
5102	24294	14
5103	24721	21
5104	24721	14
5105	24721	28
5106	24720	18
5107	24720	19
5108	24720	15
5109	24720	29
5110	24296	17
5111	24296	14
5112	24296	23
5113	24296	15
5114	24296	33
5115	24296	35
5123	24720	14
5124	24720	25
5125	24720	28
5126	24719	35
5127	24719	18
5128	24719	21
5129	24719	24
5130	24719	14
5131	24719	25
5132	24719	28
5133	24718	35
5134	24718	33
5135	24718	27
5136	24718	19
5137	24718	21
5138	24718	15
5139	24718	29
5140	24718	23
5141	24718	31
5142	24718	30
5143	24718	24
5144	24718	25
5145	24718	28
5146	24718	17
5147	24717	14
5148	24715	32
5149	24303	15
5150	24303	19
5151	24715	17
5152	24714	30
5153	24714	18
5154	24714	15
5155	24713	24
5156	24713	27
5157	24306	24
5158	24306	31
5159	24306	35
5163	24713	14
5164	24711	25
5165	24341	33
5166	23530	18
5167	23530	32
5180	24312	14
5181	24313	14
5182	24314	17
5183	24314	14
5184	24314	30
5185	24314	15
5186	24314	33
5187	24315	14
5188	24315	30
5189	24316	17
5190	24316	14
5191	24316	30
5192	24316	15
5193	24317	14
5194	24317	15
5195	24317	23
5196	24317	33
5197	24318	17
5198	24318	14
5199	24318	30
5200	24318	23
5201	24318	15
5202	24318	21
5203	23530	30
5204	23530	24
5205	23530	14
5206	23510	18
5207	24710	15
5213	24322	17
5214	24322	30
5215	24322	14
5216	24322	23
5217	24322	15
5218	24322	33
5219	24322	35
5220	24709	34
5221	24709	27
5222	24709	19
5223	24709	24
5224	24709	31
5225	24709	25
5226	24709	28
5227	24709	14
5234	24708	18
5235	24708	14
5236	24707	33
5237	24707	18
5238	24707	19
5239	24707	15
5240	24707	29
5241	24707	23
5242	24707	30
5243	24327	23
5244	24327	18
5245	24328	33
5246	24329	17
5247	24707	17
5248	24706	21
5249	24706	15
5250	24706	23
5251	24706	30
5257	24332	17
5258	24332	23
5259	24332	15
5260	24706	24
5261	24706	14
5262	24706	17
5267	24336	17
5268	24336	14
5269	24336	15
5270	24336	33
5271	24337	17
5272	24337	14
5273	24337	30
5274	24337	23
5275	24338	17
5276	24338	14
5277	24338	30
5278	24338	23
5279	24338	19
5280	24338	18
5281	24705	30
5282	24705	17
5283	24705	15
5284	24705	14
5285	24704	30
5286	24704	27
5287	24704	18
5288	24704	15
5289	24341	17
5290	24341	23
5291	24341	15
5292	24343	17
5293	24343	14
5294	24343	23
5295	24343	15
5296	24343	33
5297	24601	31
5298	24366	28
5299	24344	23
5300	24601	28
5301	24601	14
5306	24346	23
5307	24704	23
5308	24704	14
5309	24703	33
5310	24703	15
5311	24293	17
5312	24348	17
5313	24348	30
5314	24348	23
5315	24349	30
5316	24349	23
5317	24349	15
5318	24349	33
5319	24350	31
5320	24350	23
5321	24350	15
5322	24350	19
5323	24350	27
5324	24351	18
5325	24351	15
5326	24351	27
5327	24352	14
5328	24352	17
5329	24353	30
5330	24353	23
5331	24353	15
5332	24353	18
5333	24354	23
5334	24354	15
5335	24600	18
5336	23657	28
5337	1141	31
5338	1141	14
5339	24355	23
5340	24356	14
5341	24356	17
5342	24356	33
5348	24359	14
5349	24359	17
5350	24360	14
5351	24361	15
5352	24361	17
5353	24361	30
5354	23514	14
5355	23514	30
5356	23514	15
5357	24703	30
5358	24703	14
5359	24362	14
5360	24363	14
5361	24703	17
5362	24702	18
5363	24366	14
5364	24702	27
5365	24702	21
5366	24702	15
5367	24702	31
5368	24702	30
5369	24702	24
5370	24702	22
5371	24702	23
5372	24368	17
5373	24368	25
5374	24368	14
5375	24368	24
5376	24368	30
5377	24368	31
5382	24699	27
5387	24373	14
5388	24698	18
5389	24698	17
5390	24376	17
5391	24376	14
5392	24376	30
5393	24376	23
5394	24376	15
5395	24376	27
5396	24376	33
5397	24697	18
5398	23982	18
5399	23982	17
5400	24696	35
5401	24378	17
5402	24378	14
5403	24378	15
5404	24696	21
5405	24696	24
5406	24696	25
5407	24696	14
5408	24342	15
5409	24381	24
5410	24695	28
5411	24383	25
5412	24383	27
5413	24383	23
5414	24386	14
5415	24386	24
5416	24386	15
5417	24386	21
5418	24386	27
5419	24386	18
5420	24386	35
5421	24387	14
5422	24387	17
5423	24387	30
5424	24387	24
5425	24387	23
5426	24387	22
5427	24387	29
5428	24387	15
5429	24387	21
5430	24387	18
5431	24388	35
5432	24389	14
5433	24390	14
5434	24391	18
5435	24392	23
5436	24392	29
5437	24393	28
5438	24393	14
5439	24393	24
5440	24393	21
5441	24393	27
5442	23497	14
5443	24694	24
5444	23497	24
5445	23497	21
5448	24348	15
5449	24348	27
5450	24348	33
5451	24079	27
5452	24079	33
5453	23814	17
5454	24396	17
5455	24397	14
5456	24397	17
5459	24399	14
5460	24712	24
5461	24712	21
5462	24341	18
5463	24401	14
5464	24401	24
5465	24401	18
5466	24402	30
5467	24402	18
5468	24693	24
5469	24692	19
5470	24692	15
5471	24404	17
5472	24404	30
5473	24404	15
5474	24404	33
5475	24690	18
5476	24690	23
5477	24689	14
5478	24688	14
5481	24406	23
5482	24406	33
5483	24407	24
5484	24407	31
5485	24407	27
5486	24409	14
5487	24409	23
5488	24409	27
5489	24410	15
5490	24410	22
5491	24410	18
5492	24411	24
5493	24411	21
5494	24411	18
5495	24413	17
5496	24413	14
5497	24413	16
5498	24414	23
5499	23381	14
5500	24686	23
5501	24686	28
5502	24416	28
5503	24416	21
5506	24685	18
5507	24418	28
5508	24418	24
5509	23548	28
5510	24419	28
5511	24419	25
5512	24419	14
5513	24419	21
5514	24419	18
5515	24421	14
5516	24422	14
5517	23845	19
5518	24685	30
5519	24424	23
5520	24424	15
5521	24424	19
5522	24424	18
5523	24425	14
5524	24425	15
5525	24425	33
5526	24426	17
5527	24426	28
5528	24427	15
5529	24429	25
5530	24180	25
5531	24430	15
5532	24430	25
5533	24431	25
5534	24431	20
5535	24432	15
5536	24685	14
5537	24434	15
5538	24435	25
5539	24436	15
5540	24437	14
5541	24438	14
5542	24439	25
5543	24440	24
5544	24440	25
5545	24441	14
5546	24442	17
5547	24442	32
5548	24443	17
5549	24443	32
5550	24306	14
5551	24444	32
5552	24445	25
5553	24445	20
5554	24447	22
5555	24447	20
5557	24449	25
5558	24450	14
5559	24451	17
5560	24451	14
5561	24451	30
5562	24451	15
5563	24451	27
5564	24157	29
5565	24157	33
5566	24157	27
5567	24157	25
5568	24157	17
5569	24157	32
5570	24157	20
5571	24157	21
5572	24157	26
5573	24157	19
5574	24157	30
5575	24157	35
5576	24157	22
5577	24454	24
5578	24454	21
5579	24685	25
5580	24684	18
5581	24684	21
5582	24684	24
5583	24684	28
5584	24683	21
5585	24683	23
5586	23497	27
5587	24683	14
5588	24682	21
5589	24682	20
5590	24682	14
5591	24682	23
5592	24681	27
5593	23987	17
5594	23987	15
5595	23987	33
5596	23987	30
5597	24462	23
5598	24462	28
5599	24462	14
5600	24681	21
5601	24466	23
5602	24466	25
5603	24466	14
5604	24466	30
5605	24466	15
5606	24466	19
5607	24466	18
5608	24467	14
5609	24468	14
5610	24470	28
5611	24470	23
5612	24470	18
5613	24471	23
5614	24471	14
5615	24471	28
5616	24472	14
5617	24472	15
5618	24472	33
5619	24473	14
5624	24475	17
5625	24475	28
5626	24475	30
5627	24475	22
5628	24475	29
5629	24475	32
5630	24475	15
5631	24426	25
5632	24426	14
5633	24426	24
5634	24426	30
5635	24426	31
5636	24426	23
5637	24426	22
5638	24426	20
5639	24426	29
5640	24426	15
5641	24426	21
5642	24426	19
5643	24426	27
5644	24426	18
5645	24426	33
5646	24426	35
5647	23548	20
5648	24678	31
5649	24678	19
5650	24479	17
5651	24479	14
5652	24479	22
5653	24479	18
5654	24480	17
5655	24480	14
5656	24480	30
5657	24678	15
5659	24483	17
5660	24483	14
5661	24484	17
5662	24484	28
5663	24484	25
5664	24484	14
5665	24484	24
5666	24484	30
5667	24484	31
5668	24484	23
5669	24484	22
5670	24484	20
5671	24484	29
5672	24484	32
5673	24484	34
5674	24484	15
5675	24484	21
5676	24484	19
5677	24484	27
5678	24484	18
5679	24484	33
5680	24484	35
5681	24485	14
5682	24486	17
5683	24486	14
5684	24487	28
5685	24487	14
5686	24487	24
5687	24487	21
5688	24487	18
5689	24488	17
5690	24488	14
5691	24488	18
5692	24490	17
5693	24490	14
5694	24490	24
5695	24490	21
5698	24675	23
5699	24675	14
5700	24676	24
5701	24492	17
5702	24492	28
5703	24492	14
5704	24492	15
5705	24493	17
5706	24493	14
5707	24493	24
5708	24493	30
5709	24493	15
5710	24493	21
5711	24493	19
5712	24493	18
5713	24493	33
5717	24495	28
5718	24495	14
5719	24495	21
5720	24496	17
5721	24496	14
5722	24496	24
5723	24496	30
5724	24496	15
5725	24496	21
5726	24496	19
5727	24496	18
5728	24496	35
5729	24497	14
5730	24498	17
5731	24498	14
5732	24498	32
5733	24499	17
5734	24499	28
5735	24499	14
5736	24499	30
5737	24499	15
5738	24499	33
5739	24676	14
5740	24503	17
5741	24503	14
5742	24503	30
5743	24503	18
5750	24507	23
5756	24509	28
5757	24509	14
5758	24509	23
5759	24510	17
5760	24510	25
5761	24510	28
5762	24510	14
5763	24510	24
5764	24510	23
5765	24510	15
5766	24510	18
5767	24510	33
5773	24512	17
5774	24512	28
5775	24512	14
5776	24512	30
5777	24512	31
5778	24512	23
5779	24512	22
5780	24512	20
5781	24512	32
5782	24512	15
5783	24512	21
5784	24512	19
5785	24512	27
5786	24512	18
5787	24512	33
5788	24512	35
5789	24671	18
5790	24671	28
5791	24670	23
5792	24670	30
5793	24670	14
5794	24670	17
5795	24669	15
5796	24669	23
5797	24669	14
5798	24669	33
5799	24667	33
5800	24667	30
5801	24667	23
5802	24667	18
5803	24667	15
5804	24666	19
5805	24665	18
5806	24515	28
5807	24515	14
5808	24665	24
5809	24517	28
5810	24517	23
5811	24517	18
5812	24665	23
5815	24520	14
5816	24520	21
5817	24521	17
5818	24521	14
5819	24521	27
5821	24523	28
5822	24600	15
5823	24600	28
5824	24600	23
5825	24525	19
5826	24427	18
5827	24662	17
5828	24662	14
5829	24662	24
5830	24662	23
5831	24662	18
5832	24661	18
5833	24661	23
5834	24530	14
5835	24660	18
5836	24533	17
5837	24533	14
5838	24659	18
5839	24659	14
5840	24535	28
5841	24535	14
5842	24535	18
5847	24537	21
5848	24538	17
5849	24538	28
5850	24538	30
5851	24538	15
5852	24538	18
5853	24539	17
5854	24539	28
5855	24539	15
5856	24539	33
5857	24540	17
5858	24540	14
5859	24540	24
5860	24540	30
5861	24540	31
5862	24540	22
5863	24540	34
5864	24540	15
5865	24540	21
5866	24540	19
5867	24540	18
5868	24540	33
5869	24541	14
5870	24128	18
5871	24128	14
5872	24128	28
5873	24543	15
5874	24544	28
5876	24547	14
5877	24547	23
5878	24547	18
5879	24548	14
5882	24657	22
5883	24655	14
5884	24654	33
5885	24654	18
5886	24654	15
5887	24654	27
5888	24654	19
5889	24654	21
5890	24654	20
5891	24654	17
5892	24654	23
5893	24654	28
5894	24554	17
5895	24554	14
5896	24554	21
5897	24554	18
5898	24555	28
5899	24555	14
5900	24555	23
5901	24555	18
5902	24556	21
5903	24557	17
5904	24557	30
5905	24558	17
5906	24558	30
5907	24558	27
5908	24560	28
5909	24562	28
5910	24562	14
5911	24562	18
5912	24563	31
5913	24564	14
5914	24564	29
5915	24564	18
5916	24565	23
5917	24565	15
5918	24566	14
5919	24567	14
5920	24567	18
5921	24654	14
5922	24653	18
5923	24572	14
5924	24653	15
5925	24573	15
5926	24573	28
5927	24573	23
5928	24573	14
5929	24653	22
5930	24653	23
5931	24653	31
5932	24653	14
5933	24653	17
5934	24362	28
5935	24574	28
5936	24574	15
5937	24574	18
5938	24574	33
5939	24575	14
5940	24575	23
5941	24575	15
5942	24652	18
5943	24652	15
5944	24652	21
5947	24578	28
5948	24578	14
5949	24578	21
5950	24579	28
5951	24579	23
5952	24579	14
5953	24579	29
5954	24581	30
5955	24581	18
5956	24581	15
5957	24583	28
5958	24583	14
5959	24583	18
5960	24584	28
5961	24584	14
5962	24585	28
5963	23530	17
5964	24586	14
5965	24586	18
5966	23789	28
5967	23789	15
5968	23789	18
5970	24652	23
5971	24652	14
5972	24652	28
5973	24651	18
5974	24600	33
5975	1141	21
5977	24651	28
5978	24650	23
5979	24649	23
5980	24595	17
5981	23330	21
5982	23330	25
5983	24038	17
5984	24038	30
5985	24601	23
5986	24601	21
5987	24601	18
5988	24602	28
5989	24602	14
5990	24602	30
5991	24602	18
5992	23741	18
5993	23741	24
5994	23741	28
5995	23741	16
5996	23741	31
5997	23741	23
5998	23741	14
5999	23741	34
6000	23741	29
6001	23741	33
6002	23741	27
6003	23741	25
6004	23741	17
6005	23741	32
6006	23741	20
6007	23741	21
6008	23741	26
6009	23741	19
6010	23741	30
6011	23741	35
6012	23741	22
6013	24603	17
6014	24603	28
6015	24603	14
6016	24603	25
6017	24603	30
6018	24603	31
6019	24603	23
6020	24603	15
6021	24603	19
6022	24603	27
6023	24603	18
6030	24605	28
6031	24605	23
6032	24605	18
6033	24649	28
6034	24648	14
6035	24607	28
6036	24607	25
6037	24607	24
6038	24607	21
6039	24607	18
6040	24608	14
6041	24608	23
6042	24608	22
6043	24608	18
6044	24582	17
6045	24582	15
6046	24582	19
6047	24582	31
6048	24609	19
6049	24610	17
6050	24610	28
6051	24610	25
6052	24610	14
6053	24610	24
6054	24610	19
6055	24610	15
6056	24610	21
6057	24610	23
6058	24610	18
6059	24611	15
6060	24611	19
6061	24611	22
6067	24614	14
6068	24614	15
6069	24614	33
6070	24615	14
6071	24615	31
6072	24615	19
6073	24616	31
6074	24616	19
6075	24617	31
6076	24617	15
6077	24617	19
6082	24619	19
6083	24619	35
6084	24619	18
6085	24620	28
6086	24620	14
6087	24620	23
6088	24620	18
6089	24621	23
6090	24621	18
6091	24622	23
6092	24622	15
6093	24623	28
6094	24623	14
6095	24623	24
6096	24623	23
6097	24623	21
6098	24623	18
6099	24624	23
6102	24626	28
6103	24626	23
6104	24647	28
6105	24647	14
6106	24647	23
6107	24628	28
6108	24628	14
6109	24628	24
6110	24628	21
6111	24629	14
6112	24629	16
6113	24630	28
6114	24631	14
6115	24631	27
6116	24631	18
6117	24632	28
6118	24634	14
6119	24634	15
6120	24634	27
6121	24634	19
6122	24634	18
6123	24634	33
6124	24635	28
6125	24635	23
6126	24635	15
6127	24635	33
6128	24636	28
6129	24636	14
6130	24637	28
6131	24637	25
6132	24639	15
6133	24639	19
6134	24639	33
6135	24639	31
6136	24645	28
6137	24645	14
6138	24646	19
6139	24646	31
6140	24646	18
6141	1140	8
6142	1140	1
6143	1140	4
6150	24742	14
6151	24742	23
6157	24749	32
6158	24749	14
6159	24749	17
6160	24749	18
6161	24749	21
6162	24749	23
6163	24749	24
6166	24752	17
6167	24752	22
6168	24753	15
6169	24753	18
6170	24753	19
6171	24753	14
6172	24753	23
6173	24754	33
6174	24754	18
6175	24754	15
6176	24754	30
6177	24754	23
6178	24755	15
6179	24755	19
6180	24755	31
6181	24756	33
6182	24756	18
6183	24756	15
6184	24756	30
6185	24756	23
6190	24759	17
6191	24759	22
6192	24760	24
6193	24761	32
6194	24761	17
6195	24761	28
6196	24762	24
6197	23906	27
6198	24764	14
6199	24765	15
6200	24765	22
6201	24765	23
6202	24700	15
6203	24700	22
6204	24700	23
6205	24725	21
6206	24344	15
6207	24766	22
6208	24766	31
6209	24043	25
6210	24043	18
6211	24043	14
6212	24043	23
6213	24035	15
6214	24035	25
6215	24035	18
6216	24035	23
6217	24035	31
6218	24045	14
6219	24044	23
6220	24044	19
6221	24044	22
6222	24044	30
6223	24044	31
6224	24028	18
6225	24028	28
6226	24028	23
6227	24767	18
6228	24767	20
6229	24767	26
6230	24767	23
6231	24768	15
6232	24768	18
6233	24768	19
6234	24768	20
6235	24768	23
6236	24768	25
6237	24768	26
6238	24768	27
6239	24768	31
6240	24769	18
6241	24769	19
6242	24769	20
6243	24769	34
6244	24769	23
6245	24770	14
6246	24770	18
6247	24770	19
6248	24770	20
6249	24770	23
6250	24770	25
6251	24770	26
6252	24770	28
6253	24771	14
6254	24771	17
6255	24771	18
6256	24771	19
6257	24771	20
6258	24771	22
6259	24771	23
6260	24771	25
6261	24771	26
6262	24771	28
6263	24771	31
6264	24772	18
6265	24772	19
6266	24772	20
6267	24772	23
6268	24772	25
6269	24772	26
6270	24773	14
6271	24773	18
6272	24773	19
6273	24773	20
6274	24773	22
6275	24773	23
6276	24773	25
6277	24773	26
6278	24773	28
6279	24774	25
6280	24774	18
6281	24774	19
6282	24774	20
6283	24774	23
6284	24775	18
6285	24775	19
6286	24775	20
6287	24775	23
6288	24775	25
6289	24775	28
6290	24775	31
6291	24776	18
6292	24776	19
6293	24776	20
6294	24776	23
6295	24776	25
6296	24776	26
6297	24777	25
6298	24777	18
6299	24777	19
6300	24777	20
6301	24777	23
6302	23929	20
6303	23928	34
6304	23928	14
6305	23928	15
6306	23928	17
6307	23928	20
6308	23928	24
6309	23928	26
6310	23928	27
6311	23928	31
6482	24796	15
6483	24796	17
6484	24796	18
6485	24796	19
6486	24796	22
6487	24796	30
6488	24797	14
6489	24797	15
6490	24797	18
6491	24797	19
6492	24797	20
6493	24797	21
6494	24797	22
6495	24797	23
6496	24797	24
6497	24797	25
6498	24797	26
6499	24798	14
6500	24798	15
6501	24798	16
6502	24798	17
6503	24798	18
6504	24798	19
6505	24798	20
6506	24798	21
6507	24798	22
6508	24798	23
6509	24798	24
6510	24798	25
6511	24798	26
6512	24799	18
6513	24799	19
6514	24799	20
6515	24799	22
6516	24799	15
6517	24800	14
6518	24800	15
6519	24800	17
6520	24800	18
6521	24800	19
6522	24800	20
6523	24800	21
6524	24800	22
6525	24800	27
6526	24800	28
6527	24800	29
6528	24800	31
6529	24801	15
6530	24802	15
6531	24804	24
6532	24805	15
6533	24805	29
6534	24805	23
6535	24806	14
6536	24807	33
6537	24807	15
6538	24807	17
6539	24807	18
6540	24807	20
6541	24807	23
6542	24807	30
6543	24810	23
6544	24810	18
6545	24810	19
6546	24810	22
6547	24810	31
6548	24811	15
6549	24811	18
6550	24811	19
6551	24811	22
6552	24811	23
6553	24811	28
6554	24811	31
6555	24812	33
6556	24812	15
6557	24812	17
6558	24812	18
6559	24812	23
6560	24812	29
6561	24812	30
6562	24815	14
6563	24814	24
6564	24814	28
6565	24814	14
6566	24813	18
6567	24813	14
6568	24816	14
6569	24817	24
6570	24817	25
6571	24817	28
6572	24817	21
6573	24818	19
6574	24818	31
6575	24819	33
6576	24819	18
6577	24819	15
6578	24819	23
6579	24820	17
6580	24821	33
6581	24821	14
6582	24821	15
6583	24821	17
6584	24821	22
6585	24821	30
6586	24822	17
6587	24822	15
6588	24822	14
6589	24822	30
6590	24822	33
6591	24823	18
6592	24823	19
6593	24823	28
6594	24823	14
6595	24823	23
6596	24824	18
6597	24824	15
6598	24824	23
6599	24825	15
6600	24825	18
6601	24825	19
6602	24825	23
6603	24825	25
6604	24825	31
6605	24826	15
6606	24826	18
6607	24826	19
6608	24826	20
6609	24826	22
6610	24826	23
6611	24826	31
6612	24827	15
6613	24827	18
6614	24827	19
6615	24827	20
6616	24827	22
6617	24827	23
6618	24827	31
6619	24828	18
6620	24828	19
6621	24828	20
6622	24828	22
6623	24828	31
6624	24829	25
6625	24829	18
6626	24829	28
6627	24831	18
6628	24831	26
6629	24831	14
6630	24832	17
6631	24832	18
6632	24832	14
6633	24832	30
6634	24833	26
6635	24833	14
6636	24834	15
6637	24834	18
6638	24834	19
6639	24834	20
6640	24834	23
6641	24834	31
6642	24835	19
6643	24835	15
6644	24835	31
6645	24835	23
6646	24836	15
6647	24836	19
6648	24836	31
6649	24837	19
6650	24837	15
6651	24837	18
6652	24837	31
6653	24837	23
6654	24838	15
6655	24838	19
6656	24838	31
6657	24839	19
6658	24839	15
6659	24839	31
6660	24839	23
6661	24840	15
6662	24840	18
6663	24840	19
6664	24840	23
6665	24841	15
6666	24842	15
6667	24842	25
6668	24842	18
6669	24842	19
6670	24842	23
6671	24843	15
6672	24843	18
6673	24843	19
6674	24843	22
6675	24843	31
6676	24844	15
6677	24844	33
6678	24844	19
6679	24844	20
6680	24844	31
6681	24845	33
6682	24845	15
6683	24845	18
6684	24845	19
6685	24845	23
6686	24845	30
6687	24845	31
6688	24846	19
6689	24846	15
6690	24846	31
6691	24846	22
6692	24846	23
6698	24849	32
6699	24849	17
6700	24849	14
6701	24849	22
6702	24849	30
6703	24850	33
6704	24850	14
6705	24850	17
6706	24850	18
6707	24850	19
6708	24850	20
6709	24850	22
6710	24850	23
6711	24850	30
6712	24850	31
6713	24851	14
6714	24852	23
6715	24853	15
6716	24853	30
6717	24853	23
6718	24028	17
6719	24854	17
6720	24854	30
6721	24855	24
6722	24856	25
6723	24856	63
6724	24857	14
6725	24857	15
6726	24857	17
6727	24857	18
6728	24857	21
6729	24857	27
6730	24858	14
6731	24859	14
6732	24860	14
6733	24861	14
6734	24862	14
6735	24863	33
6736	24863	19
6737	24863	29
6738	24863	30
6739	24863	15
6740	24864	24
6741	24864	25
6742	24864	28
6743	24864	21
6744	24865	33
6745	24865	15
6746	24865	17
6747	24865	18
6748	24865	21
6749	24865	26
6750	24865	30
6751	24866	33
6752	24866	15
6753	24866	17
6754	24866	18
6755	24866	19
6756	24866	23
6757	24866	29
6758	24866	30
6759	24867	18
6760	24867	15
6761	24867	23
6762	24868	35
6763	24868	18
6764	24868	21
6765	24868	24
6766	24868	25
6767	24868	26
6768	24868	60
6769	24869	24
6770	24869	18
6771	24869	14
6772	24870	18
6773	24870	19
6774	24870	20
6775	24870	31
6776	24871	17
6777	24871	30
6778	24872	33
6779	24872	19
6780	24872	15
6781	24873	21
6782	24874	24
6783	24875	24
6784	24875	21
6785	24876	24
6786	24877	14
6787	24879	21
6788	24880	28
6789	24880	14
6790	23584	25
6791	23584	18
6792	23584	20
6793	23584	26
6794	23584	23
6795	24882	17
6796	24882	30
6797	24882	33
6798	24883	32
6799	24883	17
6800	24883	14
6801	24883	30
6802	24884	24
6803	24884	25
6804	24884	21
6805	24884	14
6806	23727	33
6807	23727	30
6808	23727	15
6809	24886	17
6810	24886	15
6811	24886	30
6812	24886	33
6813	24445	18
6814	24445	28
6815	24445	14
6816	24445	23
6817	24595	25
6818	24595	15
6819	24595	30
6820	24595	33
6821	24887	33
6822	24887	15
6823	24887	17
6824	24887	20
6825	24887	25
6826	24887	30
6827	24888	15
6829	24889	33
6830	24889	15
6831	24890	25
6832	24890	18
6833	24890	14
6834	24890	23
6835	24891	18
6836	24891	27
6837	24891	23
6838	24892	14
6839	24892	18
6840	24892	19
6841	24892	23
6842	24892	26
6843	24892	27
6844	23725	30
6845	24893	32
6846	24893	14
6847	24893	17
6848	24893	20
6849	24893	25
6850	24893	30
6851	24894	32
6852	24894	33
6853	24894	14
6854	24894	17
6855	24894	20
6856	24894	25
6857	24894	30
6858	24895	32
6859	24895	17
6860	24895	18
6861	24895	19
6862	24895	20
6863	24895	25
6864	24895	30
6865	24896	17
6866	24896	18
6867	24896	19
6868	24896	20
6869	24896	23
6870	24896	25
6871	24897	33
6872	24897	15
6873	24898	23
6874	24899	27
6875	24899	15
6876	24900	32
6877	24900	17
6878	24900	30
6879	24901	32
6880	24901	33
6881	24901	14
6882	24901	17
6883	24901	22
6884	24901	30
6885	24902	17
6886	24902	18
6887	24902	20
6888	24903	32
6889	24903	33
6890	24903	14
6891	24903	18
6892	24903	19
6893	24903	20
6894	24903	23
6895	24903	25
6896	24881	33
6897	24881	29
6898	24881	15
6899	24904	16
6900	24904	21
6901	24904	30
6902	24905	25
6903	24905	28
6904	24906	24
6905	24906	28
6906	24906	21
6907	24907	25
6908	24907	28
6909	24907	15
6910	24908	14
6911	24909	18
6912	24909	19
6913	24909	14
6914	24910	19
6915	24910	14
6916	24910	15
6917	24911	25
6918	24912	25
6919	24912	15
6920	24913	17
6921	24913	21
6922	24913	14
6923	24914	19
6924	24914	15
6925	24915	14
6926	24916	27
6927	24916	21
6928	24917	28
6929	24917	23
6930	24918	25
6931	24918	18
6932	24918	20
6933	24919	33
6934	24919	29
6935	24919	15
6936	24920	17
6937	24920	14
6938	24920	22
6939	24920	30
6940	24921	17
6941	24921	15
6942	24921	30
6943	24921	33
6944	24922	25
6945	24922	19
6946	24922	20
6947	24922	31
6948	24923	25
6949	24923	28
6950	24924	32
6951	24924	33
6952	24924	34
6953	24924	35
6954	24924	14
6955	24924	17
6956	24924	20
6957	24924	22
6958	24924	25
6959	24924	30
6960	24924	31
6961	24925	32
6962	24925	33
6963	24925	34
6964	24925	35
6965	24925	14
6966	24925	17
6967	24925	20
6968	24925	25
6969	24925	27
6970	24925	30
6971	24926	32
6972	24926	33
6973	24926	14
6974	24926	17
6975	24926	25
6976	24926	27
6977	24926	30
6978	24927	32
6979	24927	33
6980	24927	34
6981	24927	35
6982	24927	14
6983	24927	15
6984	24927	17
6985	24927	18
6986	24927	20
6987	24927	22
6988	24927	23
6989	24927	25
6990	24927	27
6991	24927	28
6992	24927	30
6993	24927	31
6994	24928	32
6995	24928	33
6996	24928	14
6997	24928	17
6998	24928	18
6999	24928	20
7000	24928	23
7001	24928	25
7002	24928	30
7003	24929	32
7004	24929	33
7005	24929	34
7006	24929	35
7007	24929	14
7008	24929	17
7009	24929	22
7010	24929	25
7011	24929	30
7012	24930	25
7013	24930	18
7014	24930	19
7015	24930	26
7016	24930	14
7017	24932	18
7018	24932	19
7019	24932	22
7020	24933	14
7021	24934	20
7022	24934	29
7023	24935	32
7024	24935	17
7025	24935	30
7026	24936	25
7027	24936	18
7028	24936	20
7029	24936	23
7030	24937	25
7031	24937	26
7032	24937	20
7033	24937	28
7034	24938	18
7035	24938	19
7036	24938	20
7037	24938	23
7038	24938	24
7039	24938	26
7040	24938	28
7041	24939	24
7042	24939	25
7043	24939	35
7044	24939	20
7045	24939	21
7046	24940	25
7047	24940	18
7048	24940	20
7049	24940	21
7050	24941	14
7051	24942	14
7052	24942	23
7053	24943	24
7054	24943	25
7055	24943	27
7056	24943	28
7057	24943	14
7058	24944	27
7059	24944	21
7060	24944	14
7061	24945	25
7062	24945	27
7063	24945	21
7064	24945	14
7065	24946	24
7066	24946	25
7067	24946	27
7068	24946	21
7069	24946	14
7070	24947	27
7071	24947	14
7072	24948	17
7073	24948	20
7074	24948	14
7075	24948	22
7076	24949	17
7077	24949	22
7078	24950	25
7079	24950	14
7080	24951	17
7081	24951	22
7082	24952	18
7083	24952	15
7084	24952	20
7085	24952	23
7086	24953	14
7087	24954	24
7088	24954	35
7089	24954	21
7090	24955	17
7091	24955	15
7092	24955	14
7093	24955	30
7094	24955	33
7095	24956	32
7096	24956	17
7097	24956	14
7098	24956	30
7099	24957	14
7103	24959	25
7104	24959	19
7105	24959	20
7106	24959	14
7107	24960	25
7108	24960	18
7109	24960	19
7110	24960	29
7111	24960	31
7112	24961	25
7113	24961	19
7114	24961	21
7115	24961	23
7116	24962	25
7117	24962	20
7118	24962	14
7119	24962	23
7120	24963	17
7121	24963	18
7122	24963	23
7123	24963	30
7124	24963	25
7125	24964	17
7126	24964	20
7127	24964	30
7128	24965	25
7129	24965	18
7130	24965	20
7131	24965	23
7132	24966	14
7133	24966	15
7134	24966	16
7135	24966	17
7136	24966	18
7137	24966	19
7138	24966	20
7139	24966	21
7140	24966	22
7141	24966	23
7142	24966	24
7143	24966	25
7144	24966	26
7145	24966	27
7146	24966	28
7147	24966	30
7148	24966	31
7149	24966	32
7150	24966	33
7151	24966	34
7152	24966	35
7153	24966	60
7154	24966	63
7155	24967	18
7156	24967	20
7157	24967	23
7158	24968	25
7159	24968	18
7160	24968	28
7161	24968	23
7162	24969	14
7163	24969	17
7164	24969	19
7165	24969	21
7166	24969	22
7167	24969	23
7168	24969	27
7169	24969	30
7170	24969	31
7171	24970	23
7172	24971	14
7173	24972	25
7174	24972	18
7175	24972	20
7176	24972	23
7177	24973	25
7178	24973	18
7179	24973	20
7180	24973	23
7181	24974	25
7182	24974	28
7183	24975	27
7184	24976	27
7185	24977	27
7186	24977	31
7187	24979	25
7188	24979	28
7189	23354	34
7190	23354	14
7191	23354	17
7192	23354	19
7193	23354	24
7194	23354	25
7195	23354	28
7196	23354	30
7197	24875	25
7198	24875	27
7199	24875	35
7200	24980	25
7201	24980	27
7202	24980	21
7203	24980	35
7204	24981	25
7205	24981	27
7206	24981	21
7207	24981	35
7208	24982	15
7209	24982	17
7210	24982	18
7211	24982	22
7212	24982	23
7213	24982	30
7214	24983	25
7215	24983	28
7216	24994	14
7217	24994	15
7218	24994	17
7219	24994	18
7220	24994	21
7221	24994	23
7222	24994	25
7223	24994	26
7224	24994	27
7225	24997	18
7226	24997	20
7227	24997	14
7228	24997	23
7229	24998	33
7230	24998	15
7231	24998	23
7232	24999	18
7233	24999	14
7234	25001	17
7235	25001	30
7236	25002	25
7237	25002	18
7238	25002	21
7239	25002	23
7240	25004	17
7241	25004	18
7242	25004	20
7243	25004	22
7244	25004	23
7245	25003	17
7246	25003	18
7247	25003	20
7248	25003	22
7249	25003	23
7250	25006	14
7251	25006	15
7252	25006	16
7253	25006	17
7254	25006	18
7255	25006	19
7256	25006	20
7257	25006	21
7258	25006	22
7259	25006	23
7260	25006	24
7261	25006	25
7262	25006	26
7263	25006	27
7264	25006	28
7265	25006	29
7266	25006	30
7267	25006	31
7268	25006	32
7269	25006	33
7270	25006	34
7271	25006	35
7272	25006	60
7273	25006	63
7274	25007	18
7275	25007	15
7276	25007	29
7277	25007	23
7278	25008	18
7279	25008	14
7280	25008	23
\.


