1	929	801	\N
2	4113	801	\N
3	4402	10402	\N
4	463	702	\N
5	488	606	\N
6	4401	10402	\N
7	636	801	\N
8	659	401	\N
9	636	702	\N
10	1029	6	\N
11	1132	801	\N
12	4112	80201	\N
13	1513	401	\N
14	1587	801	\N
15	1589	803	\N
16	1612	6	\N
17	1755	6	\N
18	1814	901	\N
19	1992	6	\N
20	2089	301	\N
21	2091	301	\N
22	2234	101	\N
23	488	801	\N
24	2499	6	\N
25	2531	301	\N
26	2531	406	\N
27	2531	702	\N
28	2555	801	\N
29	2556	801	\N
30	2666	103	\N
31	2091	1201	\N
32	2878	605	\N
33	2878	702	\N
34	2878	1304	\N
35	2924	306	\N
36	2878	606	\N
37	3028	801	\N
38	2924	802	\N
39	3208	605	\N
40	3208	606	\N
41	3208	601	\N
42	3451	5	\N
43	3451	2	\N
44	3451	301	\N
45	3451	406	\N
46	3451	6	\N
47	3451	702	\N
48	3451	902	\N
49	3451	802	\N
50	3451	1101	\N
51	3451	10	\N
52	3451	12	\N
53	3451	1304	\N
54	3800	101	\N
55	3801	101	\N
56	3814	801	\N
57	3815	801	\N
58	3953	203	\N
59	4066	801	\N
60	4066	1101	\N
61	4082	801	\N
62	4088	802	\N
63	4113	802	\N
64	4113	803	\N
65	4121	802	\N
66	4120	803	\N
67	4120	802	\N
68	4120	801	\N
69	4119	802	\N
70	4119	803	\N
71	4119	801	\N
72	4121	803	\N
73	22675	70203	\N
74	4183	101	\N
75	1670	60503	\N
76	22685	40105	\N
77	4250	60504	\N
78	4298	130504	\N
79	4298	130407	\N
80	4299	1302	\N
81	4299	1304	\N
82	4300	1305	\N
83	4300	1302	\N
84	4300	1304	\N
85	22661	10301	\N
86	22662	10301	\N
87	22809	120104	\N
88	22955	6	\N
89	22956	12	\N
90	22958	60104	\N
91	22960	6	\N
92	23306	60502	\N
93	24029	101	\N
94	24028	6	\N
95	23307	120103	\N
96	23307	120205	\N
97	23308	6	\N
98	23307	120204	\N
99	23307	120201	\N
100	23309	70202	\N
101	23309	70106	\N
102	23309	70105	\N
103	23309	100104	\N
104	23310	70201	\N
105	23310	70202	\N
106	23310	100104	\N
107	23311	60503	\N
108	75	1105	\N
109	75	1103	\N
110	23312	120203	\N
111	23312	120301	\N
112	23312	120103	\N
113	24037	702	\N
114	23318	80201	\N
115	23319	120202	\N
116	23319	120303	\N
117	23319	120103	\N
118	23320	60405	\N
119	23321	40105	\N
120	23322	8	\N
121	23323	10301	\N
122	23323	30109	\N
123	23323	40101	\N
124	23323	50502	\N
125	23323	60103	\N
126	23323	70203	\N
127	23323	90102	\N
128	23323	90405	\N
129	23323	80201	\N
130	23323	110102	\N
131	23323	100101	\N
132	23323	120104	\N
133	23323	130407	\N
134	23324	70202	\N
135	23324	70201	\N
136	23324	70104	\N
137	23324	100104	\N
138	23330	1001	\N
139	23330	80201	\N
140	23330	601	\N
141	23331	60405	\N
142	23331	80201	\N
143	23331	120104	\N
144	23331	40401	\N
145	23334	20204	\N
146	23334	20305	\N
147	23334	20307	\N
148	23334	20205	\N
149	23869	20204	\N
150	23335	130402	\N
151	23335	130503	\N
152	23335	130204	\N
153	23336	2	\N
154	23333	7	\N
155	23337	130504	\N
156	23339	130504	\N
157	23340	130504	\N
158	23341	130502	\N
159	23629	90202	\N
160	23342	90109	\N
161	23342	90101	\N
162	23342	90110	\N
163	23342	90105	\N
164	23342	90106	\N
165	23342	90107	\N
166	23342	90202	\N
167	23342	90206	\N
168	23342	90207	\N
169	23342	90208	\N
170	23343	6	\N
171	23344	505	\N
172	23344	506	\N
173	23344	504	\N
174	23345	40105	\N
175	23345	40208	\N
176	23345	40106	\N
177	23345	40203	\N
178	23345	40205	\N
179	23345	40204	\N
180	23345	40206	\N
181	23345	40103	\N
182	23345	40613	\N
183	23347	40301	\N
184	23347	40302	\N
185	23347	40304	\N
186	23347	40305	\N
187	23347	40306	\N
188	23347	40401	\N
189	23347	40402	\N
190	23347	40404	\N
191	23348	110301	\N
192	23348	110203	\N
193	23349	90102	\N
194	23349	90101	\N
195	23348	1101	\N
196	23349	90103	\N
197	23350	5	\N
198	23351	403	\N
199	23351	404	\N
200	23352	120303	\N
201	23352	120301	\N
202	23352	120103	\N
203	23352	120205	\N
204	23353	60104	\N
205	23354	3	\N
206	23354	4	\N
207	23354	7	\N
208	23354	9	\N
209	23354	11	\N
210	23355	40306	\N
211	23356	13	\N
212	23356	9	\N
213	23357	60503	\N
214	23357	60504	\N
215	23357	60602	\N
216	23357	80201	\N
217	23357	80101	\N
218	23357	80202	\N
219	23358	40304	\N
220	23358	40404	\N
221	23358	40401	\N
222	23358	40403	\N
223	23358	40203	\N
224	23358	40206	\N
225	23358	40207	\N
226	23358	50703	\N
227	23358	50502	\N
228	23358	50603	\N
229	23358	50404	\N
230	23358	50401	\N
231	23359	50702	\N
232	23359	50703	\N
233	23359	50708	\N
234	23359	50704	\N
235	23359	50603	\N
236	23359	80105	\N
237	23359	80302	\N
238	23359	80304	\N
239	23359	80201	\N
240	23359	80205	\N
241	23360	40501	\N
242	23360	40507	\N
243	23360	40502	\N
244	23360	40506	\N
245	23360	40505	\N
246	23361	40505	\N
247	23361	40506	\N
248	23361	40502	\N
249	23361	40507	\N
250	23361	40501	\N
251	23361	70405	\N
252	23361	70404	\N
253	23361	70410	\N
254	23361	70406	\N
255	23361	70407	\N
256	23361	70408	\N
257	23361	80202	\N
258	23361	80207	\N
259	23361	80204	\N
260	23361	80206	\N
261	23361	80205	\N
262	23362	4	\N
263	23362	7	\N
264	23362	8	\N
265	23362	11	\N
266	23362	13	\N
267	23363	40302	\N
268	23363	40304	\N
269	23363	40601	\N
270	23363	40607	\N
271	23363	40602	\N
272	23363	40618	\N
273	23363	40610	\N
274	23363	40603	\N
275	23363	40103	\N
276	23363	40505	\N
277	23363	40506	\N
278	23363	40502	\N
279	23363	40507	\N
280	23363	40501	\N
281	23363	50505	\N
282	23363	50502	\N
283	23363	50501	\N
284	23363	50503	\N
285	23363	50403	\N
286	23363	50404	\N
287	23363	50402	\N
288	23363	50401	\N
289	23363	50603	\N
290	23363	50602	\N
291	23363	50604	\N
292	23363	50702	\N
293	23363	50708	\N
294	23363	70405	\N
295	23363	70404	\N
296	23363	70410	\N
297	23363	70408	\N
298	23363	70402	\N
299	23363	70409	\N
300	23363	80109	\N
301	23363	80201	\N
302	23363	80303	\N
303	23363	80302	\N
304	23363	80304	\N
305	23363	80307	\N
306	23363	80101	\N
307	23363	80106	\N
308	23363	80103	\N
309	23363	80206	\N
310	23364	40301	\N
311	23364	40402	\N
312	23364	40103	\N
313	23364	40617	\N
314	23364	40208	\N
315	23364	605	\N
316	23364	70405	\N
317	23364	70404	\N
318	23364	70410	\N
319	23364	70408	\N
320	23364	70409	\N
321	23364	70402	\N
322	23364	80302	\N
323	23364	80206	\N
324	23364	80303	\N
325	23364	110103	\N
326	23368	120103	\N
327	23368	120101	\N
328	23368	120108	\N
329	23369	12	\N
330	23370	12	\N
331	23371	60503	\N
332	23372	2	\N
333	23372	10101	\N
334	23372	104	\N
335	23372	702	\N
336	23372	6	\N
337	23372	5	\N
338	23372	404	\N
339	23372	401	\N
340	23372	402	\N
341	23372	406	\N
342	23372	403	\N
343	23372	3	\N
344	23372	103	\N
345	23763	40304	\N
346	23763	40302	\N
347	23763	40301	\N
348	23761	40613	\N
349	23761	40103	\N
350	23761	40206	\N
351	23761	40204	\N
352	23761	40203	\N
353	23761	40208	\N
354	23761	40106	\N
355	23761	40105	\N
356	23760	40302	\N
357	23759	40303	\N
358	23758	130407	\N
359	23758	120104	\N
360	23758	100101	\N
361	23758	110102	\N
362	23758	80201	\N
363	23758	90102	\N
364	23758	70203	\N
365	23758	60106	\N
366	23758	50502	\N
367	23758	40101	\N
368	23758	30109	\N
369	23758	10101	\N
370	23758	20108	\N
371	23757	10104	\N
372	23755	60503	\N
373	23754	50601	\N
374	23753	20109	\N
375	23751	100101	\N
376	23750	90502	\N
377	23750	90208	\N
378	23749	303	\N
379	23749	301	\N
380	23748	12	\N
381	23747	60504	\N
382	23373	120301	\N
383	23373	120103	\N
384	23516	130103	\N
385	23516	90204	\N
386	23374	30109	\N
387	23375	120301	\N
388	23375	120103	\N
389	23375	120105	\N
390	23376	120301	\N
391	23376	120103	\N
392	23376	120105	\N
393	23377	101	\N
394	23378	10101	\N
395	23378	10104	\N
396	23378	10103	\N
397	23378	10106	\N
398	23379	1	\N
399	23379	603	\N
400	23379	602	\N
401	23379	8	\N
402	23379	10	\N
403	23381	40101	\N
404	23382	40102	\N
406	23386	20108	\N
407	23387	201	\N
408	23387	204	\N
409	23387	203	\N
410	23387	101	\N
411	23387	104	\N
412	23387	103	\N
413	23387	301	\N
414	23387	403	\N
415	23387	401	\N
416	23387	404	\N
417	23387	507	\N
418	23387	506	\N
419	23387	6	\N
420	23387	702	\N
421	23387	705	\N
422	23387	703	\N
423	23387	902	\N
424	23387	901	\N
425	23387	905	\N
426	23387	8	\N
427	23387	1103	\N
428	23387	1102	\N
429	23387	1101	\N
430	23387	1002	\N
431	23387	1003	\N
432	23387	1001	\N
433	23387	12	\N
434	23387	1302	\N
435	23387	1303	\N
436	23387	1304	\N
437	23388	40105	\N
438	23389	20111	\N
439	23390	40103	\N
440	23391	40103	\N
441	23392	40106	\N
442	23393	60503	\N
443	23394	60405	\N
444	23396	70203	\N
445	23397	70103	\N
446	23398	100101	\N
447	23399	130407	\N
448	23400	130502	\N
449	23401	120303	\N
450	23401	120301	\N
451	23401	120205	\N
452	23401	120103	\N
453	23403	130207	\N
454	23404	130407	\N
455	23402	20104	\N
456	23360	70406	\N
457	23360	70410	\N
458	23360	70404	\N
459	23360	70405	\N
460	23402	20205	\N
461	23402	20306	\N
462	23402	20305	\N
463	23402	20302	\N
464	23406	20301	\N
465	23406	20302	\N
466	23406	20305	\N
467	23406	20306	\N
468	23406	20207	\N
469	23406	20308	\N
470	23406	20201	\N
471	23407	20104	\N
472	23407	20302	\N
473	23407	20305	\N
474	23407	20306	\N
475	23407	20205	\N
476	23408	20201	\N
477	23408	20205	\N
478	23408	20206	\N
479	23408	20207	\N
480	23408	20302	\N
481	23408	20305	\N
482	23408	20301	\N
483	23408	20109	\N
484	23408	20103	\N
485	23408	20104	\N
486	23408	20111	\N
487	23408	20108	\N
488	23410	30108	\N
489	23410	30507	\N
490	23410	30102	\N
491	23410	30109	\N
492	23410	30503	\N
493	23410	30506	\N
494	23410	30504	\N
495	23410	30608	\N
496	23410	30603	\N
497	23410	30605	\N
498	23410	30606	\N
499	23410	30602	\N
500	23410	30607	\N
501	23410	30604	\N
502	23413	40618	\N
503	23413	40617	\N
504	23413	40504	\N
505	23411	40607	\N
506	23412	30504	\N
507	23412	30502	\N
508	23412	30506	\N
509	23412	30507	\N
510	23412	30603	\N
511	23412	30608	\N
512	23412	30607	\N
513	23412	30604	\N
514	23412	30605	\N
515	23413	40607	\N
516	23413	40204	\N
517	23414	30502	\N
518	23414	30503	\N
519	23414	30507	\N
520	23414	30504	\N
521	23414	30109	\N
522	23414	30102	\N
523	23414	30108	\N
524	23414	30604	\N
525	23414	306	\N
526	23414	30608	\N
527	23414	30606	\N
528	23414	30605	\N
529	23414	30603	\N
530	23414	30607	\N
531	24030	30605	\N
532	23415	40503	\N
533	23415	40504	\N
534	23415	40614	\N
535	23415	40609	\N
536	23415	40613	\N
537	23415	40106	\N
538	23415	40102	\N
539	23415	40618	\N
540	23415	40617	\N
541	23415	40607	\N
542	23415	40208	\N
543	23415	40205	\N
544	23415	40203	\N
545	23415	40204	\N
546	23415	40304	\N
547	23415	40302	\N
548	23415	40403	\N
549	23415	40404	\N
550	23415	40401	\N
551	23416	40504	\N
552	23416	40614	\N
553	23416	40609	\N
554	23416	40613	\N
555	23416	40102	\N
556	23416	40616	\N
557	23416	40618	\N
558	23416	40617	\N
559	23416	40607	\N
560	23416	40208	\N
561	23416	40205	\N
562	23416	40203	\N
563	23416	40204	\N
564	23416	40304	\N
565	23416	40302	\N
566	23416	40403	\N
567	23416	40404	\N
568	23416	40401	\N
569	23418	40204	\N
570	23418	40607	\N
571	23418	40617	\N
572	23418	40618	\N
573	23418	40504	\N
574	23419	40401	\N
575	23419	40404	\N
576	23419	40403	\N
577	23419	40302	\N
578	23419	40304	\N
579	23419	40204	\N
580	23419	40203	\N
581	23419	40205	\N
582	23419	40208	\N
583	23419	40617	\N
584	23419	40607	\N
585	23419	40618	\N
586	23419	40616	\N
587	23419	40102	\N
588	23419	40613	\N
589	23419	40609	\N
590	23419	40614	\N
591	23419	40504	\N
592	23419	40503	\N
593	23420	130407	\N
594	23421	130407	\N
595	23422	130407	\N
596	23423	6	\N
597	23424	40101	\N
598	23424	40105	\N
599	23424	606	\N
600	23424	605	\N
601	23424	603	\N
602	23424	602	\N
603	23424	601	\N
604	23424	1201	\N
605	23425	20101	\N
606	23426	20101	\N
607	23427	60204	\N
608	23427	60603	\N
609	23427	604	\N
610	23432	10101	\N
611	23432	60503	\N
612	23432	110102	\N
613	23433	110604	\N
614	23434	6	\N
615	23434	101	\N
616	23434	201	\N
617	23434	802	\N
618	23435	70202	\N
619	23234	605	\N
620	23234	10101	\N
621	23234	30109	\N
622	23436	20108	\N
623	23436	10101	\N
624	23436	30109	\N
625	23436	40101	\N
626	23436	50502	\N
627	23436	60503	\N
628	23436	70202	\N
629	23436	90102	\N
630	23436	80201	\N
631	23436	110102	\N
632	23436	100101	\N
633	23436	120104	\N
634	23436	130407	\N
635	23437	10105	\N
636	23438	20111	\N
637	23438	60503	\N
638	23439	1201	\N
639	23440	110102	\N
640	23441	20101	\N
641	23441	20111	\N
642	23441	20103	\N
643	23441	20104	\N
644	23441	40101	\N
645	23441	40104	\N
646	23441	40103	\N
647	23441	40106	\N
648	23441	70201	\N
649	23441	70202	\N
650	23441	70204	\N
651	23441	70511	\N
652	23441	70203	\N
653	23441	70207	\N
654	23441	70102	\N
655	23441	70208	\N
656	23442	20101	\N
657	23442	20111	\N
658	23442	20104	\N
659	23442	40101	\N
660	23442	40104	\N
661	23442	40105	\N
662	23442	40103	\N
663	23442	40106	\N
664	23442	70201	\N
665	23442	20103	\N
666	23442	70204	\N
667	23442	70511	\N
668	23442	70203	\N
669	23442	70207	\N
670	23442	70208	\N
671	23444	10402	\N
672	23303	20108	\N
673	23303	10101	\N
674	23303	30109	\N
675	23303	40101	\N
676	23303	50502	\N
677	23303	6	\N
678	23303	70203	\N
679	23303	90102	\N
680	23303	80201	\N
681	23303	110102	\N
682	23303	100101	\N
683	23303	120104	\N
684	23303	130407	\N
685	23446	20108	\N
686	23447	20108	\N
687	23448	40303	\N
688	23449	90502	\N
689	23449	90501	\N
690	23449	90202	\N
691	23449	90108	\N
692	23449	90101	\N
693	23449	90106	\N
694	23451	60204	\N
695	23451	90304	\N
696	23451	1001	\N
697	23452	130407	\N
698	23453	20108	\N
699	23454	60504	\N
700	23455	60106	\N
701	23455	60602	\N
702	23455	603	\N
703	23455	90108	\N
704	23455	90110	\N
705	23455	90107	\N
706	23456	6	\N
707	23457	90101	\N
708	23457	90103	\N
709	23457	90104	\N
710	23457	90106	\N
711	23457	90108	\N
712	23457	90105	\N
713	23458	6	\N
714	23459	60503	\N
715	23460	60602	\N
716	23460	70203	\N
717	23461	80104	\N
718	23462	905	\N
719	23462	90202	\N
720	23462	90108	\N
721	23462	90101	\N
722	23462	90106	\N
723	23463	40402	\N
724	23463	406	\N
725	23463	80108	\N
726	23465	60604	\N
727	23465	60603	\N
728	23465	60602	\N
729	23465	60204	\N
730	23466	50603	\N
731	23467	50603	\N
732	23468	50403	\N
733	23469	50502	\N
734	23470	20101	\N
735	24111	70402	\N
736	23472	20108	\N
737	23473	20108	\N
738	23474	60106	\N
739	23476	90302	\N
740	23476	80304	\N
741	23477	80303	\N
742	23478	80306	\N
743	23480	80306	\N
744	23482	50502	\N
745	23482	40306	\N
746	23482	30109	\N
747	23482	20108	\N
748	23482	10101	\N
749	23482	6	\N
750	23482	70203	\N
751	23482	90102	\N
752	23482	80201	\N
753	23482	110102	\N
754	23482	100101	\N
755	23482	120104	\N
756	23482	130407	\N
757	23482	40105	\N
758	23482	40101	\N
759	23483	30102	\N
760	23484	6	\N
761	23484	20109	\N
762	23484	10105	\N
763	23484	30109	\N
764	23484	40101	\N
765	23484	50708	\N
766	23484	70203	\N
767	23484	130303	\N
768	23485	60502	\N
769	23485	30109	\N
770	24669	1	\N
771	24669	11	\N
772	23487	60401	\N
773	23487	60602	\N
774	23487	60503	\N
775	23487	60301	\N
776	23487	60205	\N
777	23487	60106	\N
778	23488	20108	\N
779	23488	70401	\N
780	23488	70203	\N
781	23488	70508	\N
782	23488	70301	\N
783	23488	70102	\N
790	23491	110104	\N
791	23491	110106	\N
792	23491	110102	\N
793	23491	110103	\N
794	23494	50502	\N
795	23495	50502	\N
796	23496	100101	\N
797	23497	6	\N
798	23498	60602	\N
799	23499	80104	\N
800	23500	60103	\N
801	23500	130407	\N
802	23500	20108	\N
803	23501	4	\N
804	23501	5	\N
805	23501	6	\N
806	23501	7	\N
807	23501	8	\N
808	23502	60504	\N
809	23503	301	\N
810	23503	303	\N
811	23504	301	\N
812	23505	60503	\N
813	23507	80201	\N
814	23508	8	\N
815	23511	90205	\N
816	23513	3	\N
817	23513	11	\N
818	23513	9	\N
819	23513	13	\N
820	23514	110504	\N
821	23516	90205	\N
822	23516	90201	\N
823	23516	90208	\N
824	23516	90209	\N
825	23516	90202	\N
826	23516	130104	\N
827	23516	130102	\N
828	23518	606	\N
829	23518	605	\N
830	23518	602	\N
831	23518	601	\N
832	23519	100101	\N
833	23520	130303	\N
834	23521	50504	\N
835	23522	60503	\N
836	23523	80201	\N
837	23523	80108	\N
838	23524	8	\N
839	23525	80201	\N
840	23526	60602	\N
841	23527	20108	\N
842	23527	60602	\N
843	23527	80201	\N
844	23527	30608	\N
845	23527	30501	\N
846	23528	60504	\N
847	23529	80201	\N
848	23530	2	\N
849	23531	30109	\N
850	23532	30605	\N
851	23532	60503	\N
852	23533	30109	\N
853	23534	7	\N
854	23535	605	\N
855	23536	6	\N
856	23537	606	\N
857	23538	60602	\N
858	23539	1304	\N
859	23996	60503	\N
860	23541	201	\N
861	23542	60503	\N
862	23546	1106	\N
863	23547	110102	\N
864	23510	20108	\N
865	23548	201	\N
866	23548	204	\N
867	23548	203	\N
868	23548	101	\N
869	23548	104	\N
870	23548	103	\N
871	23548	301	\N
872	23548	302	\N
873	23548	305	\N
874	23548	401	\N
875	23548	403	\N
876	23548	406	\N
877	23548	505	\N
878	23548	507	\N
879	23548	506	\N
880	23548	6	\N
881	23548	702	\N
882	23548	705	\N
883	23548	701	\N
884	23548	901	\N
885	23548	902	\N
887	23548	8	\N
888	23548	1101	\N
889	23548	1102	\N
890	23548	1106	\N
891	23548	1001	\N
892	23548	1003	\N
893	23548	1004	\N
894	23548	12	\N
895	23548	1304	\N
896	23548	1303	\N
897	23548	1302	\N
898	23549	40301	\N
899	24735	60503	\N
900	23550	60402	\N
901	23550	60404	\N
902	23551	1106	\N
903	23552	1106	\N
904	23554	60503	\N
905	23556	120102	\N
906	23557	120106	\N
907	23558	120102	\N
908	23559	30103	\N
909	23560	80303	\N
910	23561	130207	\N
911	23562	130206	\N
912	23563	40208	\N
913	23564	40105	\N
914	23565	20402	\N
915	23566	20403	\N
916	23567	100101	\N
917	23570	7	\N
918	23571	30109	\N
919	23572	30401	\N
920	23572	306	\N
921	23573	1004	\N
922	23574	20402	\N
923	23574	20403	\N
924	23574	20401	\N
925	23575	60602	\N
788	23491	1101	\N
786	23491	3	\N
926	23576	60104	\N
927	23578	6	\N
928	23578	11	\N
929	23579	60604	\N
930	23580	1101	\N
931	23580	305	\N
932	23580	301	\N
933	23580	606	\N
934	23582	10	\N
935	23587	606	\N
936	23587	605	\N
937	23587	601	\N
938	23587	602	\N
939	23587	20108	\N
940	23587	10101	\N
941	23587	30109	\N
942	23587	40102	\N
943	23587	50502	\N
944	23587	70203	\N
945	23587	90102	\N
946	23587	80201	\N
947	23587	110102	\N
948	23587	100101	\N
949	23587	120104	\N
950	23587	130407	\N
951	23591	6	\N
952	23592	60205	\N
953	23593	2	\N
954	23593	1	\N
955	23593	6	\N
956	23593	9	\N
957	23596	2	\N
958	23596	3	\N
959	23596	1	\N
960	23599	10101	\N
961	23601	10101	\N
962	23601	104	\N
963	23601	1004	\N
964	23602	80305	\N
965	23602	70203	\N
966	23603	10304	\N
967	23604	60602	\N
968	23604	70203	\N
969	23605	80206	\N
970	23605	80305	\N
971	23606	70105	\N
972	23606	70106	\N
973	23606	70107	\N
974	23606	70108	\N
975	23606	70109	\N
976	23607	60105	\N
977	23607	70203	\N
978	23608	11	\N
979	23609	80303	\N
980	23610	80201	\N
981	23611	60106	\N
982	23612	901	\N
983	23612	301	\N
984	23612	60103	\N
985	23613	60502	\N
986	23615	6	\N
987	23616	6	\N
988	23889	20108	\N
990	23887	60607	\N
991	23618	6	\N
992	23619	30108	\N
993	23619	30311	\N
994	23619	30312	\N
995	23619	30607	\N
996	23619	90206	\N
997	23619	90203	\N
998	23619	90405	\N
999	23619	130205	\N
1000	23619	130203	\N
1001	23619	130204	\N
1002	23620	401	\N
1003	23620	6	\N
1004	23621	20108	\N
1005	23621	90102	\N
1006	23621	90405	\N
1007	23621	90502	\N
1008	23622	201	\N
1009	23622	204	\N
1010	23622	901	\N
1011	23622	902	\N
1012	23623	2	\N
1013	23623	901	\N
1014	23623	904	\N
1015	23623	905	\N
1016	23624	6	\N
1017	23624	12	\N
1018	23626	20108	\N
1019	23626	10101	\N
1020	23626	30109	\N
1021	23626	40101	\N
1022	23626	50502	\N
1023	23626	6	\N
1024	23626	70203	\N
1025	23626	90102	\N
1026	23626	80201	\N
1027	23626	110102	\N
1028	23626	100101	\N
1029	23626	120104	\N
1030	23626	130407	\N
1031	23627	120107	\N
1032	23627	90501	\N
1033	23629	90206	\N
1034	23629	90207	\N
1035	23629	90208	\N
1036	23629	90109	\N
1037	23629	90101	\N
1038	23629	90102	\N
1039	23629	90106	\N
1040	23629	90107	\N
1041	23629	90110	\N
1042	23629	90105	\N
1043	24430	201	\N
1044	24180	1201	\N
1045	24180	802	\N
1046	24180	702	\N
1047	24180	505	\N
1048	24149	3	\N
1049	24149	1	\N
1050	23631	30101	\N
1051	23632	20108	\N
1052	23632	10101	\N
1053	23632	30109	\N
1054	23632	40101	\N
1055	23632	50502	\N
1056	23632	60106	\N
1057	23632	70203	\N
1058	23632	90102	\N
1059	23632	80201	\N
1060	23632	110102	\N
1061	23632	100101	\N
1062	23632	120104	\N
1063	23632	130407	\N
1064	23633	10301	\N
1065	23633	30109	\N
1066	23633	40104	\N
1067	23633	50502	\N
1068	23633	70203	\N
1069	23633	90102	\N
1070	23633	120104	\N
1071	23633	60501	\N
1072	23634	2	\N
1073	23634	6	\N
1074	23634	7	\N
1075	23634	8	\N
1076	23638	201	\N
1077	23639	201	\N
1078	23640	30203	\N
1079	23640	70203	\N
1080	23640	120104	\N
1081	23641	80103	\N
1082	23642	80103	\N
1083	23641	70203	\N
1084	23641	70105	\N
1085	23643	20207	\N
1086	23644	30204	\N
1087	23644	30506	\N
1088	23644	30603	\N
1089	23644	50604	\N
1090	23644	50403	\N
1091	23644	50502	\N
1092	23644	50504	\N
1093	23644	60402	\N
1094	23644	60302	\N
1095	23644	110203	\N
1096	23644	110302	\N
1097	23644	120301	\N
1098	23644	120108	\N
1099	23644	120402	\N
1100	23644	120201	\N
1101	23644	130407	\N
1102	23645	2	\N
1103	23645	9	\N
1104	23645	10	\N
1105	23647	90102	\N
1106	23647	90208	\N
1107	23648	90102	\N
1108	23650	60104	\N
1109	23650	30109	\N
1110	23651	30110	\N
1111	23651	30109	\N
1112	23652	30104	\N
1113	23652	30109	\N
1114	23652	30110	\N
1115	23653	30109	\N
1116	23653	30205	\N
1117	23654	60503	\N
1118	23655	90101	\N
1119	23656	130403	\N
1120	23657	30101	\N
1121	23658	130410	\N
1122	23660	120104	\N
1123	23661	120104	\N
1124	23662	120104	\N
1125	23663	130101	\N
1126	23664	301	\N
1127	23664	4	\N
1128	23664	5	\N
1129	23664	10	\N
1130	23664	11	\N
1131	23664	12	\N
1132	23665	60103	\N
1133	23666	70203	\N
1134	23667	6	\N
1135	23668	30502	\N
1136	23669	130403	\N
1137	23670	90102	\N
1138	23671	90102	\N
1139	23672	90102	\N
1140	23673	90102	\N
1141	23674	40103	\N
1142	23675	90208	\N
1143	23676	90208	\N
1144	23677	120107	\N
1145	23678	120108	\N
1146	23679	120104	\N
1147	23680	120108	\N
1148	23682	120104	\N
1149	23683	60503	\N
1150	23685	90301	\N
1151	23686	110102	\N
1152	23687	90209	\N
1153	23688	130303	\N
1154	23690	50503	\N
1155	23691	130303	\N
1156	23693	50703	\N
1157	23694	40103	\N
1158	23696	40301	\N
1159	23697	50404	\N
1160	23698	40106	\N
1161	23699	40103	\N
1162	23700	50504	\N
1163	23701	50504	\N
1164	23702	40401	\N
1165	23703	30109	\N
1166	23704	60402	\N
1167	23706	90102	\N
1168	23707	90110	\N
1169	23709	90102	\N
1170	23710	30110	\N
1171	23711	9	\N
1172	23719	60503	\N
1173	23719	80201	\N
1174	23719	80101	\N
1175	23728	2	\N
1176	23728	1	\N
1177	23728	6	\N
1178	23729	902	\N
1179	23729	901	\N
1180	23735	802	\N
1181	23736	301	\N
1182	23737	1304	\N
1183	23738	1201	\N
1184	23739	901	\N
1185	23740	505	\N
1186	23741	1101	\N
1187	23743	6	\N
1188	23744	6	\N
1189	23745	60602	\N
1190	23763	40305	\N
1191	23763	40306	\N
1192	23763	40401	\N
1193	23763	40402	\N
1194	23763	40403	\N
1195	23764	60405	\N
1196	23764	60401	\N
1197	23764	70206	\N
1198	23765	6	\N
1199	23766	110102	\N
1200	23767	70104	\N
1201	23817	60105	\N
1202	23768	60205	\N
1203	23768	60504	\N
1204	23768	60503	\N
1205	23770	6	\N
1206	23773	80201	\N
1207	4424	40103	\N
1208	23775	20108	\N
1209	23777	6	\N
1210	24146	505	\N
1211	23780	20108	\N
1212	23780	10101	\N
1213	23780	30109	\N
1214	23780	40105	\N
1215	23780	50502	\N
1216	23780	60104	\N
1217	23780	70203	\N
1218	23780	90102	\N
1219	23780	80201	\N
1220	23780	110102	\N
1221	23780	100101	\N
1222	23780	120104	\N
1223	23780	130407	\N
1224	23573	30202	\N
1225	23573	30205	\N
1226	23573	30208	\N
1227	23781	6	\N
1228	23782	2	\N
1229	23782	1	\N
1230	23782	3	\N
1231	23782	4	\N
1232	23782	6	\N
1233	23782	7	\N
1234	23782	8	\N
1235	23782	11	\N
1236	23776	70207	\N
1237	23784	10301	\N
1238	23784	10304	\N
1239	23785	902	\N
1240	23785	904	\N
1241	23772	90202	\N
1242	23772	90209	\N
1243	23772	90205	\N
1244	23772	90201	\N
1245	23772	90204	\N
1246	23772	90208	\N
1247	23772	90303	\N
1248	23772	90306	\N
1249	23772	90301	\N
1250	23772	90405	\N
1251	23772	90102	\N
1252	23786	90107	\N
1253	23786	90108	\N
1254	23788	20108	\N
1255	23789	2	\N
1256	23790	1	\N
1257	23792	1	\N
1258	23793	5	\N
1259	23794	50603	\N
1260	23795	50102	\N
1261	23797	70203	\N
1262	23798	70208	\N
1263	23799	70203	\N
1264	23801	70207	\N
1265	23802	100205	\N
1266	23803	100304	\N
1267	23804	100304	\N
1268	23806	100301	\N
1269	23806	100304	\N
1270	23806	100104	\N
1271	23806	100102	\N
1272	23806	100403	\N
1273	23806	100407	\N
1274	24197	602	\N
1275	23808	40401	\N
1276	23809	40401	\N
1278	23811	1	\N
1279	23811	3	\N
1280	23811	4	\N
1281	23811	7	\N
1282	23811	9	\N
1283	23811	10	\N
1284	23811	13	\N
1285	23813	606	\N
1286	23813	605	\N
1287	23813	603	\N
1288	23813	602	\N
1289	23813	601	\N
1290	23814	606	\N
1291	23815	60602	\N
1292	23815	70203	\N
1293	23816	1	\N
1294	23816	6	\N
1295	23822	60503	\N
1296	23822	60504	\N
1297	23820	606	\N
1298	23823	60602	\N
1299	23826	20304	\N
1300	23826	20302	\N
1301	23826	110302	\N
1302	23826	110603	\N
1303	23826	110604	\N
1304	23828	4	\N
1305	23828	703	\N
1306	23829	60401	\N
1307	23829	60204	\N
1308	23830	60106	\N
1309	23836	60204	\N
1310	24660	60503	\N
1311	24659	6	\N
1312	23838	60501	\N
1313	23839	20108	\N
1314	23839	10101	\N
1315	23839	30109	\N
1316	23839	40105	\N
1317	23839	50502	\N
1318	23839	60602	\N
1319	23839	60503	\N
1320	23839	60204	\N
1321	23839	60106	\N
1322	23839	70203	\N
1323	23839	90102	\N
1324	23839	80201	\N
1325	23839	110102	\N
1326	23839	100101	\N
1327	23839	120104	\N
1328	23839	130407	\N
1329	23840	2	\N
1330	23840	1	\N
1331	23840	301	\N
1332	23840	401	\N
1333	23840	606	\N
1334	23840	605	\N
1335	23840	7	\N
1336	23840	9	\N
1337	23840	11	\N
1338	23840	8	\N
1339	23840	10	\N
1340	23840	1201	\N
1341	23840	13	\N
1342	23603	10305	\N
1343	23603	10301	\N
1344	23603	10306	\N
1345	23603	70202	\N
1346	23841	2	\N
1347	23841	1	\N
1348	23841	301	\N
1349	23841	401	\N
1350	23841	606	\N
1351	23841	605	\N
1352	23841	7	\N
1353	23841	9	\N
1354	23841	8	\N
1355	23841	11	\N
1356	23841	10	\N
1357	23841	1201	\N
1358	23841	13	\N
1359	23842	2	\N
1360	23842	1	\N
1361	23842	301	\N
1362	23842	401	\N
1363	23842	606	\N
1364	23842	605	\N
1365	23842	7	\N
1366	23842	9	\N
1367	23842	8	\N
1368	23842	11	\N
1369	23842	10	\N
1370	23842	1201	\N
1371	23842	13	\N
1372	23844	90201	\N
1373	23844	90208	\N
1374	23844	90202	\N
1375	23844	90205	\N
1376	23844	90204	\N
1377	23844	90209	\N
1378	23844	130104	\N
1379	23844	130102	\N
1380	23844	130103	\N
1381	23845	90202	\N
1382	23845	90209	\N
1383	23845	90201	\N
1384	23845	90205	\N
1385	23845	90204	\N
1386	23845	90208	\N
1387	23845	130104	\N
1388	23845	130102	\N
1389	23845	130103	\N
1390	23846	6	\N
1391	23855	1	\N
1392	23855	10	\N
1393	23857	6	\N
1394	23857	301	\N
1395	23857	101	\N
1396	23857	201	\N
1397	23220	80306	\N
1398	23864	20108	\N
1399	23864	70203	\N
1400	23864	100101	\N
1401	23864	50502	\N
1402	23865	30109	\N
1403	23865	30203	\N
1404	23865	30101	\N
1405	23865	30501	\N
1406	23865	30605	\N
1407	23865	30315	\N
1408	23865	50503	\N
1409	23865	50504	\N
1410	23865	50402	\N
1411	23865	50602	\N
1412	23865	50603	\N
1413	23865	50604	\N
1414	23865	50502	\N
1415	23865	60503	\N
1416	23865	60602	\N
1417	23865	60604	\N
1418	23865	60205	\N
1419	23865	70207	\N
1420	23865	70208	\N
1421	23865	70206	\N
1422	23865	70204	\N
1423	23865	70510	\N
1424	23865	70512	\N
1425	23865	90102	\N
1426	23865	90104	\N
1427	23865	90105	\N
1428	23865	90502	\N
1429	23865	90501	\N
1430	23865	100101	\N
1431	23865	100103	\N
1432	23865	100104	\N
1433	23865	100302	\N
1434	23865	100202	\N
1435	23865	100205	\N
1436	23865	120104	\N
1437	23865	120103	\N
1438	23865	120102	\N
1439	23865	120108	\N
1440	23865	120401	\N
1441	23865	120301	\N
1442	23867	70201	\N
1443	23541	7	\N
1444	23537	20405	\N
1445	23537	20404	\N
1446	23537	110203	\N
1447	23535	702	\N
1448	23535	101	\N
1449	23869	202	\N
1450	23869	10306	\N
1451	23871	6	\N
1453	23491	401	\N
1454	23877	20101	\N
1455	23878	3	\N
1456	23878	7	\N
1457	23879	20108	\N
1458	23879	10101	\N
1459	23879	30109	\N
1460	23879	40101	\N
1461	23879	50502	\N
1462	23879	6	\N
1463	23879	70203	\N
1464	23879	90102	\N
1465	23879	80201	\N
1466	23879	110102	\N
1467	23879	100101	\N
1468	23879	120104	\N
1469	23879	130407	\N
1472	23881	90201	\N
1473	23881	90110	\N
1474	23882	10401	\N
1475	23883	10304	\N
1476	23883	10305	\N
1477	23883	10309	\N
1478	23884	104	\N
1479	23884	101	\N
1480	23890	20108	\N
1471	23880	3	\N
1481	23890	10101	\N
1482	23890	30109	\N
1483	23890	40101	\N
1484	23890	50502	\N
1485	23890	6	\N
1486	23890	70203	\N
1487	23890	90102	\N
1488	23890	80201	\N
1489	23890	110103	\N
1490	23890	100101	\N
1491	23890	120104	\N
1492	23890	130407	\N
1493	23892	50304	\N
1494	23893	20402	\N
1495	23893	10101	\N
1496	23893	30203	\N
1497	23893	40402	\N
1498	23893	503	\N
1499	23893	604	\N
1500	23893	60503	\N
1501	23893	70301	\N
1502	23893	90110	\N
1503	23893	90102	\N
1504	23893	90208	\N
1505	23893	80301	\N
1506	23893	110502	\N
1507	23893	110101	\N
1508	23893	110104	\N
1509	23893	100101	\N
1510	23893	1204	\N
1511	23893	130407	\N
1512	23892	90202	\N
1513	23892	90209	\N
1514	23891	30109	\N
1515	23895	30109	\N
1516	23896	30109	\N
1517	23897	30109	\N
1518	23898	30109	\N
1519	23898	40101	\N
1520	23898	80201	\N
1521	23898	110102	\N
1522	23463	80101	\N
1523	23463	80107	\N
1524	23463	80102	\N
1525	23540	901	\N
1526	23996	90304	\N
1527	23652	30501	\N
1528	23748	13	\N
1529	23748	4	\N
1530	23748	1101	\N
1531	23748	3	\N
1532	23748	9	\N
1533	23902	40101	\N
1534	23903	120104	\N
1535	23904	604	\N
1536	23905	9	\N
1537	24669	4	\N
1538	24667	1001	\N
1539	24667	11	\N
1540	24667	13	\N
1541	23906	3	\N
1542	23906	11	\N
1543	23906	2	\N
1544	23906	7	\N
1545	23912	60405	\N
1546	23913	60106	\N
1547	23914	6	\N
1551	23915	60206	\N
1552	23917	60104	\N
1553	23918	60206	\N
1554	23920	20108	\N
1555	23920	10101	\N
1556	23920	30109	\N
1557	23920	40101	\N
1558	23920	50502	\N
1559	23920	70203	\N
1560	23920	60503	\N
1561	23920	90102	\N
1562	23920	80201	\N
1563	23920	110102	\N
1564	23920	100101	\N
1565	23920	120104	\N
1566	23920	130407	\N
1567	23921	12	\N
1568	23921	7	\N
1569	23925	60503	\N
1570	23927	6	\N
1571	23932	1	\N
1572	23932	6	\N
1573	23933	50708	\N
1574	23934	6	\N
1575	23935	203	\N
1576	23935	702	\N
1577	23935	704	\N
1578	23935	703	\N
1579	23935	701	\N
1580	23935	1103	\N
1581	23935	1106	\N
1582	23935	130503	\N
1583	23935	130402	\N
1584	23935	1203	\N
1585	23935	1202	\N
1586	23936	30103	\N
1587	23936	30110	\N
1588	23936	30202	\N
1589	23936	30207	\N
1590	23936	30507	\N
1591	23936	90201	\N
1592	23936	90203	\N
1593	23936	90106	\N
1594	23936	130209	\N
1595	23936	130207	\N
1596	23936	130202	\N
1597	23936	130301	\N
1598	23936	130403	\N
1599	23936	130409	\N
1600	23936	130206	\N
1601	23937	130209	\N
1602	23937	110101	\N
1603	23937	110102	\N
1604	23937	110203	\N
1605	23937	90110	\N
1606	23937	90108	\N
1607	23937	30607	\N
1608	23937	30203	\N
1609	23937	30106	\N
1610	23937	30104	\N
1611	23937	30108	\N
1612	23939	406	\N
1613	23939	501	\N
1614	23939	502	\N
1615	23939	503	\N
1616	23939	507	\N
1617	23939	505	\N
1618	23939	506	\N
1619	23939	70402	\N
1620	23939	70201	\N
1621	23939	70508	\N
1622	23939	70302	\N
1623	23939	70101	\N
1624	23939	80101	\N
1625	23939	80306	\N
1626	23940	4	\N
1627	23940	5	\N
1628	23940	604	\N
1629	23940	602	\N
1630	23940	704	\N
1631	23940	705	\N
1632	23940	70302	\N
1633	23940	70101	\N
1634	23940	80201	\N
1635	23940	80101	\N
1636	23940	80306	\N
1637	23943	20108	\N
1638	23944	60501	\N
1639	23946	1101	\N
1640	23946	1105	\N
1641	23948	60405	\N
1642	23948	60404	\N
1643	23948	60402	\N
1644	23948	60403	\N
1645	23948	60401	\N
1646	23949	60401	\N
1647	23950	604	\N
1648	23951	604	\N
1649	23952	60504	\N
1651	23955	30110	\N
1652	23306	50501	\N
1653	23956	70210	\N
1654	23306	40101	\N
1655	23613	50501	\N
1656	23613	40101	\N
1657	23957	130403	\N
1658	23957	130404	\N
1659	23957	130406	\N
1660	23957	130504	\N
1661	23957	130501	\N
1662	23957	130502	\N
1663	23957	130503	\N
1664	23959	6	\N
1665	23411	40504	\N
1550	23914	3	\N
1549	23914	2	\N
1548	23914	101	\N
1666	23411	406	\N
1667	23411	40613	\N
1668	23411	40616	\N
1669	23411	40401	\N
1670	23962	120104	\N
1671	23968	40401	\N
1672	22955	20108	\N
1673	22955	10101	\N
1674	22955	30109	\N
1675	22955	40101	\N
1676	22955	50502	\N
1677	22955	70203	\N
1678	22955	90102	\N
1679	22955	80201	\N
1680	22955	110103	\N
1681	22955	100101	\N
1682	22955	120104	\N
1683	22955	130407	\N
1684	22956	5	\N
1685	22956	4	\N
1686	22956	10	\N
1687	22956	13	\N
1688	22956	3	\N
1689	22956	11	\N
1690	1140	40103	\N
1691	1140	40102	\N
1692	23970	70403	\N
1693	23971	60503	\N
1694	23409	20103	\N
1695	23409	20104	\N
1696	23973	306	\N
1697	23409	20108	\N
1698	23973	30107	\N
1699	3	506	\N
1700	3	503	\N
1701	3	501	\N
1702	23380	6	\N
1703	23409	20109	\N
1704	23409	20301	\N
1705	23409	20404	\N
1706	23409	20405	\N
1707	23409	20206	\N
1708	23409	20201	\N
1709	23973	90304	\N
1710	23973	90209	\N
1711	23973	90102	\N
1712	23973	90405	\N
1713	23973	90502	\N
1714	23973	130407	\N
1715	23973	100101	\N
1716	23973	50502	\N
1717	23807	401	\N
1718	24197	605	\N
1719	24197	606	\N
1720	24197	504	\N
1721	23974	5	\N
1722	23975	50502	\N
1723	24146	401	\N
1724	23976	1001	\N
1725	23976	702	\N
1726	23976	505	\N
1727	23976	130407	\N
1728	23977	20108	\N
1729	23977	10101	\N
1730	24146	101	\N
1731	23977	6	\N
1732	23977	70203	\N
1733	24146	201	\N
1734	23978	20105	\N
1735	23978	20104	\N
1736	23978	20101	\N
1737	23978	20110	\N
1738	23979	20108	\N
1739	23979	10101	\N
1740	23979	30109	\N
1741	23979	6	\N
1742	23979	70201	\N
1743	23979	130407	\N
1744	23980	130206	\N
1745	23980	130205	\N
1746	23980	130208	\N
1747	23981	130206	\N
1748	23981	130205	\N
1749	23981	130208	\N
1750	24699	401	\N
1753	24697	8	\N
1754	23982	802	\N
1755	23982	801	\N
1756	23983	30101	\N
1757	23983	30111	\N
1758	23983	30104	\N
1759	23983	30501	\N
1760	23983	30108	\N
1761	23983	30109	\N
1762	23984	70205	\N
1763	23984	70102	\N
1764	23984	70103	\N
1765	23984	70104	\N
1766	23984	70106	\N
1767	23984	70105	\N
1768	23984	70107	\N
1769	23984	70210	\N
1770	23984	70207	\N
1771	23984	70108	\N
1772	23985	70208	\N
1773	23985	70203	\N
1774	23986	10306	\N
1775	23986	10301	\N
1776	23986	10106	\N
1777	23987	1001	\N
1778	23988	10	\N
1779	23989	201	\N
1780	23989	1001	\N
1781	23990	201	\N
1782	23990	204	\N
1783	23995	60503	\N
1784	23995	60301	\N
1785	23995	60302	\N
1786	23998	606	\N
1787	23998	605	\N
1788	23998	603	\N
1789	23998	602	\N
1790	23998	601	\N
1791	23998	40101	\N
1792	23998	80201	\N
1793	23999	60503	\N
1794	23869	301	\N
1795	23869	303	\N
1796	23869	305	\N
1797	23334	20304	\N
1798	23334	1	\N
1799	23334	606	\N
1800	23334	603	\N
1801	23334	8	\N
1802	23334	10	\N
1803	24001	1106	\N
1804	24001	1103	\N
1805	24001	1105	\N
1806	24001	203	\N
1807	24002	60503	\N
1808	24003	60104	\N
1809	24003	130407	\N
1810	24004	60501	\N
1811	24006	60205	\N
1812	24007	6	\N
1813	23612	1106	\N
1814	24008	901	\N
1815	24009	60205	\N
1816	24010	60205	\N
1817	24011	20403	\N
1818	24011	20402	\N
1819	24013	20111	\N
1820	24013	10102	\N
1822	24015	130407	\N
1823	24016	40603	\N
1824	24017	802	\N
1825	24018	60502	\N
1826	24019	1203	\N
1827	24020	1203	\N
1828	24021	130407	\N
1829	24024	120104	\N
1830	24024	120108	\N
1831	24024	120101	\N
1832	24175	11	\N
1833	24175	9	\N
1834	24025	30103	\N
1835	24026	50708	\N
1836	24026	50701	\N
1837	24027	60106	\N
1838	23360	70407	\N
1839	23360	70408	\N
1840	23360	80202	\N
1841	23360	80207	\N
1842	23360	80206	\N
1843	23360	80205	\N
1844	23360	80204	\N
1845	24029	104	\N
1846	24029	103	\N
1847	24029	501	\N
1848	24029	502	\N
1849	24029	506	\N
1850	24029	504	\N
1751	24698	101	\N
1851	24029	60205	\N
1852	24029	803	\N
1853	24029	12	\N
1854	23414	30506	\N
1855	24030	30606	\N
1856	24030	30602	\N
1857	24030	30604	\N
1858	24031	30602	\N
1859	24031	30607	\N
1860	23416	40503	\N
1861	24035	7	\N
1862	24036	6	\N
1863	24038	30109	\N
1864	24038	30101	\N
1865	24038	30104	\N
1866	24038	30103	\N
1867	24038	30111	\N
1868	24038	30110	\N
1869	24038	30108	\N
1870	24038	30102	\N
1871	24038	30106	\N
1872	24038	30507	\N
1873	24038	30602	\N
1874	24038	30502	\N
1875	24038	30504	\N
1876	24038	30503	\N
1877	24038	30506	\N
1878	24038	30606	\N
1879	24038	30202	\N
1880	24038	90206	\N
1881	24038	90208	\N
1882	24038	90205	\N
1883	24038	90102	\N
1884	24038	90101	\N
1885	24038	90110	\N
1886	24038	90104	\N
1887	24038	90105	\N
1888	24038	90406	\N
1889	24038	130402	\N
1890	24038	130408	\N
1891	24038	130405	\N
1892	24038	130301	\N
1893	24038	130504	\N
1894	24038	130407	\N
1895	24038	130106	\N
1896	24038	130204	\N
1897	24038	130206	\N
1898	24038	130202	\N
1899	24038	130404	\N
1900	24038	130305	\N
1901	24038	130303	\N
1902	24039	30110	\N
1903	24039	30206	\N
1904	24039	30504	\N
1905	24039	130408	\N
1906	24039	130401	\N
1907	24039	130402	\N
1908	24039	130504	\N
1909	24039	130303	\N
1910	24041	2	\N
1911	24041	1	\N
1912	24041	4	\N
1913	24041	5	\N
1914	24041	6	\N
1915	24041	7	\N
1916	24041	8	\N
1917	24041	10	\N
1918	24041	12	\N
1919	24042	8	\N
1920	23333	606	\N
1921	23333	605	\N
1922	23981	130106	\N
1923	23981	130303	\N
1924	23981	130301	\N
1925	24035	12	\N
1929	24046	20109	\N
1930	24047	20101	\N
1931	24048	101	\N
1932	24048	301	\N
1933	24048	406	\N
1934	24048	401	\N
1935	24048	602	\N
1936	24048	705	\N
1937	24048	1204	\N
1938	24048	1305	\N
1939	24049	13	\N
1940	24050	13	\N
1941	24051	130410	\N
1942	23357	80109	\N
1943	24052	120204	\N
1944	24052	120203	\N
1945	24052	120201	\N
1946	24052	120104	\N
1947	24053	120202	\N
1948	24053	120203	\N
1949	24053	120201	\N
1950	24053	120204	\N
1951	24054	120204	\N
1952	24054	120203	\N
1953	24054	120202	\N
1954	24054	120201	\N
1955	24055	40101	\N
1956	24055	40103	\N
1957	24055	40106	\N
1958	24055	40203	\N
1959	24055	40208	\N
1960	24055	40206	\N
1961	24055	50402	\N
1962	24055	50502	\N
1963	24055	50601	\N
1964	24055	50603	\N
1965	24055	50604	\N
1966	24055	50401	\N
1967	24055	50602	\N
1968	24056	10102	\N
1969	24056	10105	\N
1970	24056	10107	\N
1971	24056	301	\N
1972	24056	303	\N
1973	24056	402	\N
1974	24056	505	\N
1975	24056	507	\N
1976	24056	603	\N
1977	24056	702	\N
1978	24056	703	\N
1979	24056	901	\N
1980	24056	802	\N
1981	24056	1101	\N
1982	24056	1001	\N
1983	24056	1004	\N
1984	24056	1201	\N
1985	24056	1301	\N
1986	24057	605	\N
1987	24058	1	\N
1988	24058	801	\N
1989	24058	1103	\N
1990	24058	1001	\N
1991	24058	1004	\N
1992	24059	201	\N
1993	24060	110302	\N
1994	24061	40203	\N
1995	24061	40208	\N
1996	24061	40502	\N
1997	24061	40103	\N
1998	24061	40105	\N
1999	24061	40106	\N
2000	24061	50505	\N
2001	24061	50601	\N
2002	24061	50604	\N
2003	24061	50603	\N
2004	24061	50402	\N
2005	24061	50503	\N
2006	24061	50502	\N
2007	24062	50503	\N
2008	24062	80101	\N
2009	24062	80106	\N
2010	24062	80201	\N
2011	24062	80207	\N
2012	24062	80203	\N
2013	24062	80205	\N
2014	24062	80303	\N
2015	24062	80202	\N
2016	24063	40618	\N
2017	24063	40614	\N
2018	24063	40602	\N
2019	24063	40208	\N
2020	24063	40203	\N
2021	24063	40205	\N
2022	24063	40206	\N
2025	24065	40101	\N
2026	24066	705	\N
2027	24066	703	\N
2028	24066	803	\N
2029	24069	60503	\N
2030	24070	604	\N
2031	24070	60503	\N
2032	23372	705	\N
2033	23372	703	\N
2034	23372	701	\N
2035	23372	9	\N
1927	24044	6	\N
1928	24045	6	\N
2023	24064	40301	\N
2024	24064	402	\N
2036	23372	8	\N
2037	23372	1103	\N
2038	23372	1102	\N
2039	23372	1101	\N
2040	23372	1104	\N
2041	23372	1002	\N
2042	23372	1003	\N
2043	23372	1001	\N
2044	23372	12	\N
2045	23372	1305	\N
2046	23372	1302	\N
2047	23372	1303	\N
2048	23372	1304	\N
2049	24071	103	\N
2050	24072	2	\N
2051	24072	1	\N
2052	24072	11	\N
2053	24072	10	\N
2054	24072	13	\N
2055	24073	80201	\N
2056	24073	80202	\N
2057	24073	80205	\N
2058	24073	80204	\N
2059	24073	80105	\N
2060	24073	80108	\N
2066	24075	60404	\N
2067	24075	60402	\N
2068	24075	60405	\N
2069	24075	60403	\N
2070	24075	60401	\N
2071	23639	101	\N
2072	23639	301	\N
2073	23639	702	\N
2074	23639	802	\N
2075	23639	1101	\N
2077	23638	101	\N
2078	23638	406	\N
2079	23638	505	\N
2080	23638	601	\N
2081	23638	702	\N
2082	23638	902	\N
2083	23638	802	\N
2084	23638	1201	\N
2085	24076	20302	\N
2086	24076	20108	\N
2087	24076	20102	\N
2088	24076	10309	\N
2089	24076	10306	\N
2090	24076	30108	\N
2091	24077	60602	\N
2092	24077	60301	\N
2093	24077	60605	\N
2094	24077	90204	\N
2095	24077	80104	\N
2096	24077	100107	\N
2097	24077	130401	\N
2098	24078	110104	\N
2099	24079	50604	\N
2100	24080	40103	\N
2101	24081	90402	\N
2102	24082	30108	\N
2103	24083	201	\N
2104	24083	602	\N
2105	24083	901	\N
2106	24084	802	\N
2107	24084	801	\N
2108	24085	606	\N
2109	24085	605	\N
2110	24085	801	\N
2111	24085	802	\N
2112	24086	6	\N
2113	24088	60503	\N
2114	24090	60503	\N
2115	24091	9	\N
2116	24092	60503	\N
2117	24093	80108	\N
2118	24094	80201	\N
2119	24095	80205	\N
2120	24097	60504	\N
2121	24098	60504	\N
2122	24099	60504	\N
2123	24100	60205	\N
2124	24100	70205	\N
2125	24100	10101	\N
2126	24105	20109	\N
2127	24106	60503	\N
2128	24107	110106	\N
2129	24107	130407	\N
2130	24108	60503	\N
2131	24109	100103	\N
2132	24110	60104	\N
2133	24111	50503	\N
2134	24112	20103	\N
2135	24112	20111	\N
2136	24112	20402	\N
2137	24112	20403	\N
2138	24113	20111	\N
2139	24115	60503	\N
2140	24116	301	\N
2143	24118	90209	\N
2144	24118	90202	\N
2145	24118	90208	\N
2146	24118	90204	\N
2147	24118	90205	\N
2148	24118	90201	\N
2149	24118	130103	\N
2150	24118	130102	\N
2151	24118	130104	\N
2152	24119	60602	\N
2153	24120	60602	\N
2154	24121	60602	\N
2155	24122	60104	\N
2156	24123	10101	\N
2157	24123	301	\N
2158	24123	40603	\N
2159	24123	50503	\N
2160	24123	6	\N
2161	24123	702	\N
2162	24123	902	\N
2163	24123	1101	\N
2164	24123	1201	\N
2165	24123	1304	\N
2166	24124	6	\N
2167	24125	60105	\N
2168	24126	20303	\N
2169	24126	10106	\N
2170	24127	20301	\N
2171	24127	10106	\N
2172	24127	60603	\N
2173	24127	70205	\N
2174	24127	80205	\N
2175	24127	110603	\N
2176	24128	6	\N
2177	24129	70102	\N
2178	24129	80105	\N
2179	24130	70107	\N
2180	24131	70401	\N
2181	24131	70303	\N
2182	24131	70210	\N
2183	24132	60102	\N
2184	23814	5	\N
2185	23814	4	\N
2186	23814	1201	\N
2187	24056	10402	\N
2188	24136	90102	\N
2189	24137	120303	\N
2190	24138	104	\N
2191	24138	30401	\N
2192	24138	30301	\N
2193	24138	70202	\N
2194	24138	70104	\N
2195	24139	90304	\N
2196	24139	90209	\N
2197	24139	90405	\N
2198	24139	100204	\N
2199	24139	100305	\N
2200	24139	130502	\N
2201	24139	130103	\N
2202	24140	60504	\N
2203	24141	60102	\N
2204	24142	20201	\N
2205	24142	80302	\N
2206	24142	110201	\N
2207	24143	120104	\N
2208	24145	6	\N
2209	24146	6	\N
2210	24146	702	\N
2211	24146	802	\N
2212	24146	1001	\N
2213	24146	1201	\N
2214	24146	1304	\N
2215	23770	12	\N
2216	24149	4	\N
2217	24149	12	\N
2218	24151	30501	\N
2219	24151	60602	\N
2220	24151	60604	\N
2221	24151	90102	\N
2142	24116	5	Covalima
2141	24116	12	\N
2222	24151	80103	\N
2223	24151	110102	\N
2224	24151	100104	\N
2225	24150	90202	\N
2226	23655	90502	\N
2227	24154	80202	\N
2228	23786	90202	\N
2229	23786	90208	\N
2230	24155	50603	\N
2231	24156	60204	\N
2232	24157	9	\N
2233	24158	80201	\N
2234	24159	10104	\N
2235	24160	60503	\N
2236	24197	304	\N
2237	24162	10101	\N
2238	24163	30408	\N
2239	24163	90301	\N
2240	24163	90203	\N
2241	24164	30110	\N
2242	24164	30301	\N
2243	24164	30602	\N
2244	24165	90403	\N
2245	24166	50503	\N
2246	24167	120401	\N
2247	24167	120402	\N
2248	24152	6	\N
2249	24168	60202	\N
2250	24169	60504	\N
2251	24170	60503	\N
2252	24171	110102	\N
2257	24174	403	\N
2258	24175	3	\N
2259	24176	606	\N
2260	24177	50501	\N
2261	24178	20103	\N
2262	24180	406	\N
2263	24181	201	\N
2264	24183	80301	\N
2265	24184	80307	\N
2266	24185	6	\N
2267	24186	7	\N
2268	24188	80302	\N
2269	24189	70101	\N
2270	24190	7	\N
2271	24191	7	\N
2272	24182	20307	\N
2273	24181	101	\N
2274	24181	301	\N
2275	24181	401	\N
2276	24181	505	\N
2277	24181	606	\N
2278	24181	605	\N
2279	24181	602	\N
2280	24181	601	\N
2281	24181	702	\N
2282	24181	901	\N
2283	24181	802	\N
2284	24181	1101	\N
2285	24181	1001	\N
2286	24181	1201	\N
2287	24181	1304	\N
2288	24183	80302	\N
2289	24189	70203	\N
2290	24189	70208	\N
2291	24189	70104	\N
2292	24176	605	\N
2293	24176	602	\N
2294	24176	601	\N
2295	24182	20302	\N
2296	24182	20304	\N
2297	24182	20305	\N
2298	24194	100302	\N
2299	24178	204	\N
2300	24178	202	\N
2301	24180	101	\N
2302	24180	201	\N
2303	24185	7	\N
2304	24196	50503	\N
2305	24196	203	\N
2306	24196	6	\N
2307	24196	905	\N
2308	24196	801	\N
2309	24196	100104	\N
2310	24196	100101	\N
2311	24197	301	\N
2312	24197	302	\N
2313	24197	303	\N
2314	24197	305	\N
2315	24197	306	\N
2316	24198	90206	\N
2317	24198	90402	\N
2318	24200	902	\N
2319	24200	901	\N
2320	24201	1305	\N
2321	24202	1304	\N
2322	24203	1305	\N
2323	24205	1304	\N
2324	24206	1304	\N
2325	24207	20108	\N
2326	24207	20405	\N
2327	24186	201	\N
2328	24197	403	\N
2329	24197	406	\N
2330	24197	402	\N
2331	24197	401	\N
2332	24197	404	\N
2333	24197	501	\N
2334	24197	502	\N
2335	24178	203	\N
2336	24178	8	\N
2337	24178	10	\N
2338	23828	1	\N
2339	23828	3	\N
2340	23828	5	\N
2341	23828	6	\N
2342	23828	7	\N
2343	23828	8	\N
2344	23828	11	\N
2345	23828	10	\N
2346	23828	12	\N
2347	23828	13	\N
2348	24207	604	\N
2349	24207	60603	\N
2350	24207	605	\N
2351	24208	103	\N
2352	24208	301	\N
2353	24208	40103	\N
2354	24208	50502	\N
2355	24208	60403	\N
2356	24208	703	\N
2357	24208	903	\N
2358	24208	802	\N
2359	24208	1106	\N
2360	24208	1001	\N
2361	24208	1203	\N
2362	24208	1302	\N
2363	24209	90106	\N
2364	24209	90502	\N
2365	24210	202	\N
2366	24210	103	\N
2367	24210	301	\N
2368	24210	406	\N
2369	24210	5	\N
2370	24210	606	\N
2371	24210	702	\N
2372	24210	901	\N
2373	24210	8	\N
2374	24210	1101	\N
2375	24210	1001	\N
2376	24210	12	\N
2377	24210	13	\N
2378	24214	2	\N
2379	24214	1	\N
2380	24214	3	\N
2381	24214	4	\N
2382	24214	5	\N
2383	24214	6	\N
2384	24214	7	\N
2385	24214	9	\N
2386	24214	8	\N
2387	24214	11	\N
2388	24214	10	\N
2389	24214	12	\N
2390	24214	13	\N
2391	24217	203	\N
2392	24217	103	\N
2393	24217	303	\N
2394	24217	404	\N
2395	24217	50705	\N
2396	24217	603	\N
2397	24217	701	\N
2398	24217	901	\N
2399	24217	801	\N
2400	24217	1102	\N
2401	24217	1302	\N
2402	24218	7	\N
2403	24218	10	\N
2404	24226	201	\N
2405	24226	103	\N
2406	24226	401	\N
2253	24173	1203	\N
2407	24226	6	\N
2408	24226	7	\N
2409	24226	702	\N
2410	24226	901	\N
2411	24226	1001	\N
2412	24226	1203	\N
2413	24228	604	\N
2414	24228	605	\N
2415	24229	605	\N
2416	24229	7	\N
2417	24230	103	\N
2418	24230	301	\N
2419	24230	505	\N
2420	24230	605	\N
2421	24230	702	\N
2422	24235	2	\N
2423	24235	1	\N
2424	24235	301	\N
2425	24235	302	\N
2426	24235	303	\N
2427	24235	305	\N
2428	24235	306	\N
2429	24235	403	\N
2430	24235	406	\N
2431	24235	402	\N
2432	24235	401	\N
2433	24235	404	\N
2434	24235	507	\N
2435	24235	505	\N
2436	24235	506	\N
2437	24235	504	\N
2438	24235	604	\N
2439	24235	602	\N
2440	24235	7	\N
2441	24235	903	\N
2442	24235	902	\N
2443	24235	901	\N
2444	24235	904	\N
2445	24235	8	\N
2446	24235	1103	\N
2447	24235	1102	\N
2448	24235	1101	\N
2449	24235	10	\N
2450	24235	12	\N
2451	24235	1302	\N
2452	24235	1304	\N
2453	24000	2	\N
2454	24000	101	\N
2455	24000	104	\N
2456	24000	606	\N
2457	24000	603	\N
2458	24000	8	\N
2459	24000	1002	\N
2460	24000	1003	\N
2461	24236	406	\N
2462	24236	401	\N
2463	24236	507	\N
2464	24236	505	\N
2465	24236	6	\N
2466	24236	100202	\N
2467	24236	100105	\N
2468	24237	406	\N
2469	24237	401	\N
2470	24237	604	\N
2471	24237	605	\N
2472	24237	100202	\N
2473	24237	100105	\N
2474	24237	100101	\N
2475	24238	605	\N
2476	24239	604	\N
2477	24239	606	\N
2478	24239	602	\N
2479	24240	403	\N
2480	24240	401	\N
2481	24240	404	\N
2482	24240	5	\N
2483	24240	6	\N
2484	24240	901	\N
2485	24240	11	\N
2486	24241	203	\N
2487	24241	102	\N
2488	24241	104	\N
2489	24241	103	\N
2490	24241	403	\N
2491	24241	401	\N
2492	24241	404	\N
2493	24241	6	\N
2494	24241	702	\N
2495	24241	705	\N
2496	24242	2	\N
2497	24241	802	\N
2498	24241	803	\N
2499	24241	1001	\N
2500	24241	1302	\N
2501	24241	1301	\N
2502	24241	1304	\N
2503	24242	1	\N
2504	24242	3	\N
2505	24242	4	\N
2506	24242	501	\N
2507	24242	502	\N
2508	24242	507	\N
2509	24242	505	\N
2510	24242	506	\N
2511	24242	504	\N
2512	24242	604	\N
2513	24242	606	\N
2514	24242	605	\N
2515	24242	7	\N
2516	24242	9	\N
2517	24242	8	\N
2518	24242	11	\N
2519	24242	10	\N
2520	24242	12	\N
2521	24242	1305	\N
2522	24242	1302	\N
2523	24242	1301	\N
2524	24242	1303	\N
2525	24242	1304	\N
2526	24243	20103	\N
2527	24243	3	\N
2528	24243	5	\N
2529	24243	6	\N
2530	24243	7	\N
2531	24243	13	\N
2532	24243	10	\N
2533	24244	13	\N
2534	24245	90208	\N
2535	24245	90209	\N
2536	24245	90101	\N
2537	24245	90501	\N
2538	24246	9	\N
2539	24247	904	\N
2540	24248	1302	\N
2541	24248	902	\N
2542	24249	902	\N
2543	24249	901	\N
2544	24253	901	\N
2545	24254	90102	\N
2546	24254	90106	\N
2547	24254	90110	\N
2548	24254	90103	\N
2549	24254	90105	\N
2550	24255	90102	\N
2551	24255	90103	\N
2552	24255	90110	\N
2553	24255	90105	\N
2554	24255	90106	\N
2555	24256	902	\N
2556	24256	901	\N
2557	24256	904	\N
2558	24257	903	\N
2559	24257	902	\N
2560	24257	901	\N
2561	24257	904	\N
2562	24262	90102	\N
2563	24263	90102	\N
2564	24264	90102	\N
2565	24265	90102	\N
2566	24266	1305	\N
2567	24266	1302	\N
2568	24266	1303	\N
2569	24266	1304	\N
2570	24267	130303	\N
2571	24267	130402	\N
2572	24267	130401	\N
2573	24267	130408	\N
2574	24269	1302	\N
2575	24269	1304	\N
2576	24270	13	\N
2577	24271	130407	\N
2578	24272	1304	\N
2579	24273	40603	\N
2580	984	40610	\N
2581	984	40603	\N
2582	984	40618	\N
2583	984	40602	\N
2584	984	40614	\N
2585	984	40607	\N
2586	24273	40610	\N
2587	24273	40618	\N
2588	24273	40602	\N
2589	24273	40614	\N
2590	24273	40607	\N
2591	24273	40601	\N
2592	24273	40613	\N
2593	24273	40616	\N
2594	24274	40610	\N
2595	24275	4	\N
2596	24276	401	\N
2597	24277	40105	\N
2598	24278	40105	\N
2599	24279	40301	\N
2600	24279	40304	\N
2601	24279	40303	\N
2602	24279	40602	\N
2603	24279	40618	\N
2604	24279	40614	\N
2605	24279	40201	\N
2606	24279	40105	\N
2607	24282	130404	\N
2608	24284	130404	\N
2609	24285	130404	\N
2610	24286	130407	\N
2611	24287	70403	\N
2612	24287	70401	\N
2613	24287	70411	\N
2614	24287	70402	\N
2615	24287	70305	\N
2616	24287	70303	\N
2617	24288	70411	\N
2618	24288	70305	\N
2619	24288	70303	\N
2620	24289	401	\N
2621	24290	403	\N
2622	24290	406	\N
2623	24290	402	\N
2624	24290	401	\N
2625	24290	404	\N
2626	24291	1302	\N
2627	24292	60203	\N
2628	23491	40101	\N
2629	23978	20111	\N
2657	24294	604	\N
2658	24294	605	\N
2659	24296	50602	\N
2660	24297	50502	\N
2661	24297	405	\N
2662	24297	1001	\N
2663	24303	10201	\N
2664	24303	10301	\N
2665	24303	10309	\N
2666	24303	10306	\N
2667	24303	10304	\N
2668	24306	503	\N
2669	24306	505	\N
2670	24306	506	\N
2671	24307	50503	\N
2672	24309	501	\N
2673	24309	502	\N
2674	24309	503	\N
2675	24309	506	\N
2676	24310	50302	\N
2677	24311	50302	\N
2678	24312	505	\N
2679	24312	506	\N
2680	24312	504	\N
2681	24313	505	\N
2682	24313	506	\N
2683	24313	504	\N
2684	24314	505	\N
2685	24314	506	\N
2686	24314	504	\N
2687	24315	505	\N
2688	24315	506	\N
2689	24316	502	\N
2690	24316	506	\N
2691	24317	503	\N
2692	24318	50102	\N
2693	24318	50304	\N
2694	24318	50602	\N
2695	24318	50603	\N
2696	24321	50504	\N
2697	24322	50502	\N
2698	24324	50402	\N
2699	24327	201	\N
2700	24327	301	\N
2701	24327	505	\N
2702	24327	50603	\N
2703	24327	80109	\N
2704	24327	802	\N
2705	24328	30109	\N
2706	24329	60102	\N
2707	24331	30104	\N
2708	24332	100104	\N
2709	24335	20111	\N
2710	24336	120108	\N
2711	24317	506	\N
2712	24337	110106	\N
2713	24338	60602	\N
2714	24341	20111	\N
2715	24342	20108	\N
2716	24343	20101	\N
2717	24344	30104	\N
2718	24345	40203	\N
2719	24346	60602	\N
2720	24348	20305	\N
2721	24348	20307	\N
2722	24348	20304	\N
2723	24348	20302	\N
2724	24349	20305	\N
2725	24350	130103	\N
2726	24351	40618	\N
2727	24352	406	\N
2728	24353	30109	\N
2729	24354	40607	\N
2730	24355	30103	\N
2731	24356	10303	\N
2732	24357	50504	\N
2733	24452	1101	\N
2734	24359	601	\N
2735	24360	30102	\N
2736	24361	9	\N
2737	24361	30104	\N
2738	24361	30108	\N
2739	24361	30109	\N
2740	24361	30101	\N
2741	23514	3	\N
2742	24362	30101	\N
2743	24363	30109	\N
2744	24366	110104	\N
2745	24368	130401	\N
2746	24372	130206	\N
2747	24373	60504	\N
2748	24376	90402	\N
2749	24376	90405	\N
2750	24376	90403	\N
2751	24378	1302	\N
2752	24378	1301	\N
2753	24378	1304	\N
2754	24381	10105	\N
2755	24381	30109	\N
2756	24381	401	\N
2757	24383	20201	\N
2758	24383	20202	\N
2759	24383	20205	\N
2760	24386	6	\N
2761	24386	702	\N
2762	24386	801	\N
2763	24387	20102	\N
2764	24387	20105	\N
2765	24387	20104	\N
2766	24387	20101	\N
2767	24387	20110	\N
2768	24387	20103	\N
2769	24387	20106	\N
2770	24387	20401	\N
2771	24387	20402	\N
2772	24387	20403	\N
2773	24387	20301	\N
2774	24387	203	\N
2775	24388	2	\N
2776	24388	5	\N
2777	24388	8	\N
2778	24388	12	\N
2779	24388	13	\N
2780	24389	401	\N
2781	24390	606	\N
2782	24390	602	\N
2783	24390	603	\N
2784	24390	605	\N
2785	24393	2	\N
2786	24393	605	\N
2787	24393	80105	\N
2788	24393	110203	\N
2789	24348	110604	\N
2790	24348	110603	\N
2791	24397	60602	\N
2792	24398	90202	\N
2793	24398	90304	\N
2794	24398	60602	\N
2795	24398	306	\N
2796	24398	304	\N
2797	24398	302	\N
2798	24399	20101	\N
2799	24401	20109	\N
2800	24401	20104	\N
2801	24402	6	\N
2802	24404	100101	\N
2803	24404	100108	\N
2804	24404	100104	\N
2805	24406	20108	\N
2806	24407	100202	\N
2807	24407	1002	\N
2808	24407	100302	\N
2809	24407	100304	\N
2810	24407	100401	\N
2811	24407	100406	\N
2812	24398	1106	\N
2813	24411	701	\N
2814	24411	703	\N
2815	24409	120105	\N
2816	24409	80109	\N
2817	24409	50706	\N
2818	24409	50304	\N
2819	24409	30603	\N
2820	24409	30607	\N
2821	24410	20108	\N
2822	24411	705	\N
2823	24413	1001	\N
2824	24414	100101	\N
2826	24411	702	\N
2827	24411	606	\N
2828	24411	203	\N
2829	24411	201	\N
2830	24389	1304	\N
2831	24418	2	\N
2832	24418	1	\N
2833	24418	3	\N
2834	24418	4	\N
2835	24418	5	\N
2836	24418	6	\N
2837	24418	7	\N
2838	24418	9	\N
2839	24418	8	\N
2840	24418	11	\N
2841	24418	10	\N
2842	24418	12	\N
2843	24418	13	\N
2844	23548	501	\N
2845	23548	502	\N
2846	23548	503	\N
2847	23548	504	\N
2848	24419	7	\N
2849	24419	5	\N
2850	24419	3	\N
2851	24421	10105	\N
2852	24421	10401	\N
2853	24421	50503	\N
2854	24421	60503	\N
2855	24421	902	\N
2856	24422	60602	\N
2857	24424	10104	\N
2858	24424	40618	\N
2859	24425	406	\N
2860	24426	4	\N
2861	24426	7	\N
2862	24426	801	\N
2863	24426	803	\N
2864	24429	1	\N
2865	24429	4	\N
2866	24429	7	\N
2867	24429	9	\N
2868	24430	101	\N
2869	24430	6	\N
2870	23857	702	\N
2871	23857	1001	\N
2872	23857	1304	\N
2873	24431	802	\N
2874	24434	406	\N
2875	24434	1101	\N
2876	24435	6	\N
2877	24438	6	\N
2878	24439	201	\N
2879	24439	301	\N
2880	24439	406	\N
2881	24439	802	\N
2882	24439	1101	\N
2883	24441	201	\N
2884	24441	301	\N
2885	24441	406	\N
2886	24441	702	\N
2887	24441	802	\N
2888	24441	1101	\N
2889	24441	1304	\N
2890	24447	11	\N
2891	24447	12	\N
2892	24448	7	\N
2893	24449	6	\N
2894	24450	90102	\N
2895	24451	903	\N
2896	24451	902	\N
2897	24451	904	\N
2898	24246	902	\N
2899	24246	901	\N
2900	24246	904	\N
2901	24246	905	\N
2902	24452	1001	\N
2903	24452	802	\N
2904	24452	901	\N
2905	24452	702	\N
2906	24452	6	\N
2907	24452	505	\N
2908	24452	401	\N
2909	24452	301	\N
2910	24452	101	\N
2911	24452	201	\N
2912	24257	905	\N
2913	24359	602	\N
2914	24359	605	\N
2915	24359	606	\N
2916	24389	605	\N
2917	24517	80306	\N
2918	24390	601	\N
2919	24348	110302	\N
2920	24361	30403	\N
2921	24361	1105	\N
2922	24454	901	\N
2923	24462	80306	\N
2924	24740	1201	\N
2925	24740	1202	\N
2926	24739	6	\N
2927	24739	5	\N
2928	24739	4	\N
2929	24737	60504	\N
2930	23869	13	\N
2931	23869	1004	\N
2932	23869	1003	\N
2933	23869	1002	\N
2934	24466	4	\N
2935	24466	705	\N
2936	24466	703	\N
2937	24466	801	\N
2938	24466	803	\N
2939	24467	403	\N
2940	24467	401	\N
2941	24468	605	\N
2942	24470	80306	\N
2943	24471	80306	\N
2944	24472	702	\N
2945	24472	705	\N
2946	24472	703	\N
2947	24472	701	\N
2948	24472	801	\N
2949	24472	803	\N
2950	24473	7	\N
2951	24474	70208	\N
2952	24474	70207	\N
2953	24474	70203	\N
2954	24474	70201	\N
2955	24474	70202	\N
2956	24474	70307	\N
2957	24474	70104	\N
2958	24474	70103	\N
2959	24475	606	\N
2960	24475	605	\N
2961	24475	603	\N
2962	24475	602	\N
2963	24475	601	\N
2964	24475	704	\N
2965	24475	702	\N
2966	24475	705	\N
2967	24475	703	\N
2968	24475	701	\N
2969	24424	50502	\N
2970	24424	130103	\N
2971	24383	80302	\N
2972	24383	80301	\N
2973	24383	80304	\N
2974	24383	110201	\N
2975	24383	110203	\N
2976	24383	110202	\N
2977	23869	11	\N
2978	23869	901	\N
2979	23869	903	\N
2980	23869	705	\N
2981	23869	704	\N
2982	23869	503	\N
2983	24479	1002	\N
2984	24480	20109	\N
2985	24480	203	\N
2986	24480	10	\N
2987	24480	1	\N
2988	23869	502	\N
2989	24315	504	\N
2990	23869	40404	\N
2991	23869	40107	\N
2992	23869	40206	\N
2993	24483	10101	\N
2994	24495	504	\N
2995	24484	10101	\N
2996	24484	102	\N
2997	24484	104	\N
2998	24485	11	\N
2999	24486	10104	\N
3000	24487	1	\N
3001	24488	100101	\N
3002	23869	40207	\N
3003	23869	306	\N
3004	24490	5	\N
3005	24733	701	\N
3006	24492	50603	\N
3007	24493	50102	\N
3008	24493	50304	\N
3009	24493	50503	\N
3010	24493	50603	\N
3011	24493	50602	\N
3012	24493	50401	\N
3013	24494	50302	\N
3014	24495	501	\N
3015	24495	502	\N
3016	24495	503	\N
3017	24495	505	\N
3018	24495	506	\N
3019	24496	5	\N
3020	24497	503	\N
3021	24497	507	\N
3022	24497	505	\N
3023	24498	505	\N
3024	24498	506	\N
3025	24498	504	\N
3026	24499	504	\N
3027	24499	506	\N
3028	24733	703	\N
3029	24733	702	\N
3030	24503	100101	\N
3031	24504	10	\N
3032	24505	50502	\N
3033	24506	403	\N
3034	24506	406	\N
3035	24506	402	\N
3036	24506	401	\N
3037	24506	404	\N
3038	24499	505	\N
3039	24507	104	\N
3040	24507	101	\N
3041	24508	8	\N
3042	24509	80201	\N
3043	24510	70203	\N
3044	24510	705	\N
3045	24510	703	\N
3046	24510	701	\N
3047	24511	5	\N
3048	24512	10	\N
3049	24733	603	\N
3050	24515	50503	\N
3051	24515	10105	\N
3052	24515	10401	\N
3053	24733	605	\N
3054	24733	104	\N
3055	24731	903	\N
3056	24515	60503	\N
3057	24515	902	\N
3062	24729	12	\N
3063	24728	12	\N
3064	24727	12	\N
3065	24001	1104	\N
3066	24519	6	\N
3067	24519	7	\N
3068	24520	6	\N
3069	24521	20101	\N
3070	24521	10105	\N
3071	24521	104	\N
3072	24521	30101	\N
3073	24521	401	\N
3074	24521	405	\N
3075	24521	606	\N
3076	24521	70512	\N
3077	24521	90101	\N
3078	24521	90106	\N
3079	24521	100406	\N
3080	24521	120301	\N
3081	24521	130501	\N
3085	24523	20108	\N
3086	24726	120105	\N
3087	24348	110101	\N
3088	24348	110505	\N
3089	24197	506	\N
3090	24197	505	\N
3091	24197	503	\N
3092	24197	601	\N
3093	24197	1202	\N
3094	24197	1203	\N
3095	24197	1201	\N
3096	24197	1204	\N
3097	24361	1001	\N
3098	24726	120204	\N
3100	24724	1201	\N
3101	23978	20102	\N
3102	23978	20108	\N
3103	23978	20103	\N
3104	23978	20401	\N
3105	23978	20402	\N
3106	23978	20403	\N
3107	23978	20301	\N
3108	23978	1	\N
3109	23978	503	\N
3110	23978	505	\N
3111	23978	6	\N
3112	23978	7	\N
3113	23978	1305	\N
3114	23978	1302	\N
3115	23978	1303	\N
3116	23978	1304	\N
3117	24530	10105	\N
3118	24530	10401	\N
3119	24530	50503	\N
3120	24530	60503	\N
3121	24530	902	\N
3122	24530	1202	\N
3123	24723	1201	\N
3124	24721	12	\N
3125	24720	201	\N
3126	24533	100105	\N
3127	24533	100102	\N
3128	24533	100101	\N
3129	24719	201	\N
3130	24718	201	\N
3131	24717	201	\N
3132	24535	12	\N
3134	24537	12	\N
3135	24538	12	\N
3136	24539	120205	\N
3137	24539	120302	\N
3138	24539	120402	\N
3139	24539	120401	\N
3140	24540	12	\N
3141	24541	12	\N
3142	24715	201	\N
3143	24543	120204	\N
3144	24544	12	\N
3145	24714	201	\N
3146	24546	120103	\N
3099	24725	10304	\N
3058	24730	6	\N
3147	24547	120103	\N
3148	24548	12	\N
3149	24549	120108	\N
3150	24713	20111	\N
3151	24713	20102	\N
3152	24711	201	\N
3153	24712	201	\N
3154	24554	120101	\N
3155	24554	120107	\N
3156	24555	120101	\N
3157	24556	12	\N
3158	24557	2	\N
3159	24557	1	\N
3160	24557	6	\N
3161	24557	8	\N
3162	24557	10	\N
3163	24558	2	\N
3164	24558	8	\N
3165	24558	10	\N
3166	24710	201	\N
3167	24560	606	\N
3168	24560	605	\N
3169	24560	603	\N
3170	24560	602	\N
3171	24560	601	\N
3172	24562	120101	\N
3173	24564	305	\N
3174	24564	603	\N
3175	24564	702	\N
3176	24564	802	\N
3177	24564	1001	\N
3178	23837	6	\N
3179	23603	10303	\N
3180	24565	20305	\N
3181	24565	201	\N
3182	24565	103	\N
3183	24565	30109	\N
3184	24565	30101	\N
3185	24565	30104	\N
3186	24565	30103	\N
3187	24565	40205	\N
3188	24565	40204	\N
3189	24565	40208	\N
3190	24565	40103	\N
3191	24565	50503	\N
3192	24565	50502	\N
3193	24565	803	\N
3194	24566	403	\N
3195	24566	406	\N
3196	24566	402	\N
3197	24566	401	\N
3198	24566	404	\N
3199	24567	2	\N
3200	24567	103	\N
3201	24709	20108	\N
3202	24708	20108	\N
3203	1141	3	\N
3204	24572	301	\N
3205	24572	30308	\N
3206	24572	30307	\N
3207	24572	30306	\N
3208	24572	30601	\N
3209	24573	30608	\N
3210	24573	30607	\N
3211	24707	20108	\N
3212	24574	301	\N
3214	24575	30101	\N
3215	24706	1	\N
3216	24577	301	\N
3217	24578	3	\N
3218	24578	11	\N
3219	24578	13	\N
3220	24579	30103	\N
3221	24579	30204	\N
3222	24579	30501	\N
3223	24579	306	\N
3224	24581	3	\N
3225	24581	13	\N
3226	24583	2	\N
3227	24584	2	\N
3228	24585	2	\N
3229	24586	20101	\N
3230	24702	1203	\N
3231	24702	1202	\N
3232	24702	306	\N
3233	24696	8	\N
3234	24695	8	\N
3235	24694	80301	\N
3236	24694	80203	\N
3237	24694	80106	\N
3238	24589	3	\N
3239	24589	5	\N
3240	24589	8	\N
3241	24589	12	\N
3242	24590	20101	\N
3243	24694	80108	\N
3244	24592	30109	\N
3245	24693	80108	\N
3246	24693	80201	\N
3247	24600	110102	\N
3248	24601	11	\N
3249	23440	110104	\N
3250	23440	110106	\N
3251	23440	110103	\N
3252	24602	11	\N
3253	24603	2	\N
3254	24604	20111	\N
3255	24605	20111	\N
3256	24692	302	\N
3257	24607	20101	\N
3258	24607	20108	\N
3259	24607	20104	\N
3260	24608	20101	\N
3261	24582	20308	\N
3262	24609	40304	\N
3263	24610	40301	\N
3264	24610	406	\N
3265	24611	40610	\N
3266	24611	40616	\N
3267	24611	40603	\N
3268	24611	40601	\N
3269	24611	40607	\N
3270	24611	40602	\N
3271	24611	40614	\N
3272	24611	40618	\N
3273	24611	40613	\N
3274	24612	40610	\N
3275	24612	40616	\N
3276	24612	40613	\N
3277	24612	40603	\N
3278	24612	40601	\N
3279	24612	40607	\N
3280	24612	40602	\N
3281	24612	40614	\N
3282	24612	40618	\N
3283	24614	8	\N
3284	24615	50403	\N
3285	24615	504	\N
3286	24616	80303	\N
3287	24617	50708	\N
3288	24618	10402	\N
3289	24618	10401	\N
3290	24618	10304	\N
3291	24618	20105	\N
3292	24618	20106	\N
3293	24618	20104	\N
3294	24619	11	\N
3295	24620	20108	\N
3296	24621	30101	\N
3297	24622	90205	\N
3298	24623	2	\N
3299	24624	100105	\N
3300	24625	30109	\N
3301	24628	202	\N
3302	24628	802	\N
3303	24629	603	\N
3304	24629	605	\N
3305	24629	1301	\N
3306	24629	1304	\N
3307	24629	1305	\N
3308	24629	102	\N
3309	24629	101	\N
3310	24629	104	\N
3311	24629	1201	\N
3312	24629	12	\N
3313	24629	505	\N
3314	24629	506	\N
3315	24629	504	\N
3316	24629	703	\N
3317	24629	702	\N
3318	24630	3	\N
3319	24630	9	\N
3320	24630	11	\N
3321	24630	10	\N
3322	24630	13	\N
3323	24631	30607	\N
3324	24631	305	\N
3325	24631	50706	\N
3326	24631	50304	\N
3327	24631	80103	\N
3328	24631	1203	\N
3329	24631	1201	\N
3330	24631	130202	\N
3331	24632	2	\N
3332	24690	80109	\N
3333	24689	80109	\N
3334	24688	80109	\N
3335	24635	40618	\N
3336	24636	2	\N
3337	24637	606	\N
3338	24637	602	\N
3339	24639	20105	\N
3340	24639	20106	\N
3341	24639	20104	\N
3342	24639	10402	\N
3343	24639	10401	\N
3344	24645	100101	\N
3345	24646	20207	\N
3346	24647	30108	\N
3347	24648	10402	\N
3348	24649	10402	\N
3349	24649	10401	\N
3350	24650	120108	\N
3351	24652	20206	\N
3352	23786	90109	\N
3353	23786	90110	\N
3354	23786	90209	\N
3355	23786	90205	\N
3356	23786	90203	\N
3357	24653	402	\N
3358	24653	1002	\N
3359	24653	1003	\N
3360	24654	502	\N
3361	24654	503	\N
3362	24654	606	\N
3363	24654	705	\N
3364	24654	1002	\N
3365	24655	60503	\N
3367	24657	3	\N
3368	24657	5	\N
3369	24657	6	\N
3370	24657	7	\N
3371	24657	9	\N
3372	24657	8	\N
3373	24657	11	\N
3374	24657	10	\N
3375	24657	13	\N
3376	24661	604	\N
3377	24661	6	\N
3378	24661	12	\N
3379	24662	604	\N
3380	24662	12	\N
3381	24669	5	\N
3382	24669	9	\N
3383	24669	7	\N
3384	24670	605	\N
3385	24670	80101	\N
3386	24671	201	\N
3387	24671	203	\N
3388	24686	40103	\N
3389	24685	402	\N
3390	24685	406	\N
3391	24675	6	\N
3392	24677	40106	\N
3393	24678	30405	\N
3394	1283	801	\N
3395	24681	401	\N
3396	24681	507	\N
3397	24681	604	\N
3398	24682	605	\N
3399	23846	3	\N
3400	24683	80103	\N
3401	24683	80109	\N
3402	24683	80104	\N
3403	24683	80106	\N
3404	24683	80108	\N
3405	24683	80201	\N
3406	24683	20101	\N
3407	24683	20306	\N
3408	24683	20307	\N
3409	24683	20305	\N
3410	24683	20304	\N
3411	24683	20302	\N
3412	24683	20308	\N
3413	24683	20303	\N
3417	24204	6	\N
3421	23639	1201	\N
3424	24742	10	\N
3426	23548	90502	\N
3428	24749	6	
3430	24749	2	
3433	24751	80103	\N
3434	24751	6	\N
3479	24762	6	\N
989	23888	3	\N
3435	24753	6	
3480	24762	5	\N
3481	24762	4	\N
3436	24235	4	
3438	23888	401	Ritabou
3437	23888	606	Becora
3440	24749	1	\N
3441	24749	5	\N
3442	24749	4	\N
3443	24749	301	\N
3444	24749	8	\N
3446	24749	702	\N
3445	24749	901	\N
3447	24755	5	\N
3448	24756	302	\N
3449	24756	802	\N
3450	24756	701	\N
3452	24758	504	\N
3453	24759	702	\N
3454	24759	101	\N
3455	24760	10	\N
3456	24760	8	\N
3457	24760	301	\N
3458	24760	7	\N
3459	24760	6	\N
3418	24698	7	\N
1752	24698	5	\N
3460	24749	13	\N
3461	24749	12	\N
3462	24749	1001	\N
3463	24749	11	\N
3439	24754	5	\N
3464	24752	120107	\N
2065	24074	803	\N
3467	24761	4	\N
3468	24761	3	\N
3469	24761	1	\N
3465	24761	9	\N
3466	24761	5	\N
3470	24761	10	\N
3471	24761	11	\N
3472	24761	8	\N
3473	24761	7	\N
3474	24761	6	\N
3475	24761	2	\N
3476	24761	13	\N
3477	24761	12	\N
3482	24762	3	\N
3483	24762	2	\N
3484	24762	1	\N
3485	24762	13	\N
3486	24762	12	\N
3487	24762	10	\N
3488	24762	11	\N
3489	24762	8	\N
3490	24762	9	\N
3491	24762	7	\N
405	23384	7	\N
3492	24739	12	\N
3493	23906	6	\N
3494	23906	4	\N
3495	23906	5	\N
3496	23906	1	\N
3497	23906	10	\N
3498	23906	13	\N
3499	23906	9	\N
3500	23906	12	\N
3501	23906	8	\N
3502	24764	1303	\N
3503	24764	1302	\N
3504	24574	304	\N
3505	24574	303	\N
3213	24574	302	\N
3507	24765	120303	\N
3509	24765	120301	\N
3506	24765	120205	\N
3510	24765	120103	\N
3512	24700	120204	\N
3513	24725	10303	\N
3514	24725	10309	\N
1650	23954	30507	\N
3515	24416	100205	\N
2825	24416	100104	\N
3516	24416	100103	\N
3521	24416	100102	\N
3520	24109	100205	\N
3524	24109	100102	\N
3526	24109	100104	\N
3527	24766	50603	\N
3528	23919	4	\N
3529	23919	1	\N
3530	23919	2	\N
3531	23919	6	\N
3532	23919	3	\N
3533	23919	7	\N
3534	23919	5	\N
3535	23919	12	\N
3536	23919	13	\N
3537	23919	10	\N
3538	23919	8	\N
3539	23919	9	\N
3540	23919	11	\N
1926	24043	6	\N
3541	24767	6	\N
3542	24768	6	\N
3543	24769	6	\N
3544	24770	6	\N
3545	24771	6	\N
3546	24772	6	\N
3547	24773	6	\N
3548	24774	6	\N
3549	24775	6	\N
3550	24776	6	\N
3551	24777	6	\N
3552	23929	6	\N
3553	23929	3	\N
3554	23929	4	\N
3555	23929	1	\N
3556	23929	7	\N
3557	23929	5	\N
3558	23929	12	\N
3559	23929	13	\N
3560	23929	10	\N
3561	23929	8	\N
3562	23929	11	\N
3563	23929	9	\N
3564	23930	9	\N
3565	23930	8	\N
3566	23930	7	\N
3567	23930	5	\N
3568	23930	4	\N
3569	23930	3	\N
3570	23930	1	\N
3571	23930	2	\N
3573	23930	6	\N
3574	23930	12	\N
3575	23930	13	\N
3576	23930	10	\N
3577	23930	11	\N
3579	23928	3	\N
3580	23928	6	\N
3582	23928	13	\N
3583	23928	4	\N
3584	23928	11	\N
3585	23928	1	\N
3586	23928	2	\N
3587	23928	12	\N
3588	23928	10	\N
3589	23928	9	\N
3590	23928	7	\N
3591	23928	5	\N
3592	23928	8	\N
3593	23914	12	\N
3594	23914	9	\N
3595	23914	13	\N
3596	23914	5	\N
3597	23914	10	\N
3598	23914	4	\N
3599	23914	11	\N
3600	23914	8	\N
3601	23914	7	\N
3620	24796	13	\N
3621	24797	6	\N
3622	24798	12	\N
3623	24799	1	\N
3624	24799	6	\N
3625	24800	3	\N
3626	24800	1	\N
3627	24800	2	\N
3628	24800	6	\N
3631	24801	1304	\N
3630	24801	305	\N
3629	24801	604	\N
3632	24802	7	\N
3634	24802	305	\N
3633	24802	406	Atabae
2630	24293	4	\N
3635	24293	9	Lautem
3637	24293	5	\N
3636	24293	10	\N
3638	24804	602	\N
3639	24804	601	\N
3640	24804	605	\N
3641	24804	606	\N
3642	24804	301	\N
3643	24804	1101	\N
3644	24805	1201	\N
3645	24173	1201	\N
3646	24806	7	\N
3647	24806	8	\N
3648	24806	3	\N
3649	24806	1	\N
3650	24806	2	\N
3651	24806	6	\N
3652	24807	7	\N
3653	24807	6	\N
3654	24810	13	\N
3655	24810	5	\N
3657	24811	9	\N
3656	24811	90405	\N
3658	24812	901	\N
3659	24815	12	\N
3660	24815	7	\N
3661	24815	8	\N
3662	24815	5	\N
3663	24815	3	\N
3664	24814	10	\N
3665	24814	6	\N
3666	24814	5	\N
3667	24813	12	\N
3668	24813	5	\N
3669	24813	6	\N
3670	24133	6	\N
3671	24816	2	\N
3672	24817	5	\N
3673	24817	10	\N
3674	24817	13	\N
3675	24818	803	\N
3676	24819	803	\N
3677	24820	4	\N
3678	24821	6	\N
3679	24821	4	\N
3680	24821	3	\N
3681	24821	1	\N
3682	24821	2	\N
3683	24821	9	\N
3684	24821	7	\N
3685	24821	5	\N
3686	24821	10	\N
3687	24821	11	\N
3688	24821	8	\N
3692	24821	13	\N
3693	24821	12	\N
3694	24822	11	\N
3695	24822	7	\N
3696	24822	6	\N
3697	24823	12	\N
3698	24823	6	\N
3699	24824	12	\N
3700	24824	5	\N
3701	24116	7	\N
3702	24116	8	\N
3705	24826	11	\N
3703	24825	2	\N
3706	24827	6	\N
3707	24828	12	\N
3708	24829	2	\N
3709	24829	6	\N
3710	24829	1	\N
3711	24829	5	\N
3712	24829	4	\N
3713	24829	3	\N
3714	24829	7	\N
3715	24829	12	\N
3716	24829	13	\N
3717	24829	10	\N
3718	24829	11	\N
3719	24829	8	\N
3720	24829	9	\N
3723	23630	10	\N
3724	23630	8	\N
3725	24831	601	\N
3726	24832	505	\N
3727	24832	606	\N
3728	23712	6	\N
3729	23712	1	\N
3730	23712	2	\N
3731	23712	5	\N
3732	23712	7	\N
3733	23712	4	\N
3734	23712	3	\N
3739	23712	8	\N
3740	23712	9	\N
3741	23712	12	\N
3742	23712	13	\N
3743	23712	10	\N
3744	23908	7	\N
3745	23908	1	\N
3746	23908	8	\N
3747	23908	2	\N
3748	23908	6	\N
3749	23908	3	\N
3750	23908	4	\N
3751	23909	4	\N
3752	23909	7	\N
3753	23909	2	\N
3754	23909	6	\N
3755	23910	8	\N
3756	23910	7	\N
3757	23910	2	\N
3758	23910	6	\N
3759	24833	6	\N
3760	24833	7	\N
3761	24833	2	\N
3762	24833	8	\N
3763	24834	6	\N
3764	24835	6	\N
3765	24836	103	\N
3766	24837	801	\N
3767	24838	6	\N
3768	24839	5	\N
3769	24840	6	\N
3770	24842	6	\N
3771	24843	2	\N
3772	24844	2	\N
3773	24845	801	\N
3774	24846	6	\N
3775	24847	5	\N
3776	24849	13	\N
3777	24850	505	\N
3778	24851	60504	\N
3779	24852	60302	\N
3780	24853	60302	\N
3781	24769	5	\N
3782	24769	4	\N
3783	24045	8	\N
3784	24045	4	\N
3787	24045	5	\N
3789	23618	9	\N
3790	23618	8	\N
3791	23618	4	\N
3792	23618	3	\N
3793	23618	2	\N
3797	24854	7	\N
3798	24855	1203	\N
3799	24855	305	\N
3800	24855	505	\N
3801	24856	11	\N
3802	24856	8	\N
3803	24856	9	\N
3804	24856	7	\N
3805	24856	5	\N
3808	24856	4	\N
3809	24856	3	\N
3810	24856	1	\N
3811	24856	2	\N
3812	24856	6	\N
3813	24856	13	\N
3815	24856	12	\N
3816	24856	10	\N
3820	24857	505	\N
3821	24858	601	\N
3822	24860	5	\N
3823	24860	4	\N
3824	24860	3	\N
3825	24860	1	\N
3826	24860	2	\N
3827	24859	6	\N
3828	24861	6	\N
3829	24862	60503	\N
3833	24863	7	\N
3831	24863	11	\N
3832	24863	10	\N
3830	24863	3	\N
3834	24864	12	\N
3835	24864	6	\N
3836	24864	3	\N
3837	24864	10	\N
3838	24864	4	\N
3839	24865	8	\N
3840	24865	6	\N
3841	24865	2	\N
3842	24866	2	\N
3843	24866	1	\N
3844	24866	8	\N
3845	24865	4	\N
3846	24865	7	\N
3847	24866	10	\N
3848	24866	11	\N
3849	24866	4	\N
3850	24866	6	\N
3851	24866	3	\N
3852	24867	12	\N
3853	24868	4	\N
3854	24868	2	\N
3855	24868	3	\N
3856	24868	11	\N
3857	24868	8	\N
3858	24869	3	\N
3859	24869	7	\N
3860	24869	8	\N
3861	24869	12	\N
3862	24869	5	\N
3863	24870	7	\N
3864	24870	4	\N
3865	24870	9	\N
3866	24870	3	\N
3867	24870	11	\N
3868	24871	11	\N
3869	24871	1	\N
3870	24871	2	\N
3871	24871	8	\N
3873	24871	6	\N
3874	24871	7	\N
3877	24872	4	\N
3878	24872	2	\N
3879	24872	6	\N
3881	24872	1	\N
3885	24873	301	\N
3887	24874	1	\N
3888	24874	8	\N
3889	24874	6	\N
3890	24874	7	\N
3891	24874	4	\N
3892	24874	3	\N
3895	24874	10	\N
3898	24874	9	\N
3900	24874	12	\N
3901	24874	13	\N
3902	24874	11	\N
3903	24874	5	\N
3904	24874	2	\N
3907	24875	12	\N
3908	24875	6	\N
\.


