3	4402	10402	\N
6	4401	10402	\N
8	659	401	\N
10	1029	6	\N
17	1755	6	\N
19	1992	6	\N
30	2666	103	\N
58	3953	203	\N
59	4066	801	\N
60	4066	1101	\N
61	4082	801	\N
65	4121	802	\N
66	4120	803	\N
67	4120	802	\N
68	4120	801	\N
69	4119	802	\N
70	4119	803	\N
71	4119	801	\N
72	4121	803	\N
73	22675	70203	\N
78	4298	130504	\N
79	4298	130407	\N
80	4299	1302	\N
81	4299	1304	\N
82	4300	1305	\N
83	4300	1302	\N
84	4300	1304	\N
85	22661	10301	\N
86	22662	10301	\N
89	22956	12	\N
90	22958	60104	\N
91	22960	6	\N
92	23306	60502	\N
93	24029	101	\N
94	24028	6	\N
95	23307	120103	\N
96	23307	120205	\N
98	23307	120204	\N
99	23307	120201	\N
100	23309	70202	\N
101	23309	70106	\N
102	23309	70105	\N
103	23309	100104	\N
107	23311	60503	\N
110	23312	120203	\N
111	23312	120301	\N
112	23312	120103	\N
114	23318	80201	\N
115	23319	120202	\N
116	23319	120303	\N
117	23319	120103	\N
118	23320	60405	\N
119	23321	40105	\N
120	23322	8	\N
121	23323	10301	\N
122	23323	30109	\N
123	23323	40101	\N
124	23323	50502	\N
125	23323	60103	\N
126	23323	70203	\N
127	23323	90102	\N
128	23323	90405	\N
129	23323	80201	\N
130	23323	110102	\N
131	23323	100101	\N
132	23323	120104	\N
133	23323	130407	\N
138	23330	1001	\N
139	23330	80201	\N
140	23330	601	\N
141	23331	60405	\N
142	23331	80201	\N
143	23331	120104	\N
144	23331	40401	\N
145	23334	20204	\N
146	23334	20305	\N
147	23334	20307	\N
148	23334	20205	\N
149	23869	20204	\N
150	23335	130402	\N
151	23335	130503	\N
152	23335	130204	\N
153	23336	2	\N
154	23333	7	\N
156	23339	130504	\N
158	23341	130502	\N
159	23629	90202	\N
160	23342	90109	\N
161	23342	90101	\N
162	23342	90110	\N
163	23342	90105	\N
164	23342	90106	\N
165	23342	90107	\N
166	23342	90202	\N
167	23342	90206	\N
168	23342	90207	\N
169	23342	90208	\N
171	23344	505	\N
172	23344	506	\N
173	23344	504	\N
174	23345	40105	\N
175	23345	40208	\N
176	23345	40106	\N
177	23345	40203	\N
178	23345	40205	\N
179	23345	40204	\N
180	23345	40206	\N
181	23345	40103	\N
182	23345	40613	\N
183	23347	40301	\N
184	23347	40302	\N
185	23347	40304	\N
186	23347	40305	\N
187	23347	40306	\N
188	23347	40401	\N
189	23347	40402	\N
190	23347	40404	\N
191	23348	110301	\N
192	23348	110203	\N
193	23349	90102	\N
194	23349	90101	\N
195	23348	1101	\N
196	23349	90103	\N
197	23350	5	\N
198	23351	403	\N
199	23351	404	\N
200	23352	120303	\N
201	23352	120301	\N
202	23352	120103	\N
203	23352	120205	\N
210	23355	40306	\N
213	23357	60503	\N
214	23357	60504	\N
215	23357	60602	\N
216	23357	80201	\N
217	23357	80101	\N
218	23357	80202	\N
219	23358	40304	\N
220	23358	40404	\N
221	23358	40401	\N
222	23358	40403	\N
223	23358	40203	\N
224	23358	40206	\N
225	23358	40207	\N
226	23358	50703	\N
227	23358	50502	\N
228	23358	50603	\N
229	23358	50404	\N
230	23358	50401	\N
231	23359	50702	\N
232	23359	50703	\N
233	23359	50708	\N
234	23359	50704	\N
235	23359	50603	\N
236	23359	80105	\N
237	23359	80302	\N
238	23359	80304	\N
239	23359	80201	\N
240	23359	80205	\N
262	23362	4	\N
263	23362	7	\N
264	23362	8	\N
265	23362	11	\N
266	23362	13	\N
267	23363	40302	\N
268	23363	40304	\N
269	23363	40601	\N
270	23363	40607	\N
271	23363	40602	\N
272	23363	40618	\N
273	23363	40610	\N
274	23363	40603	\N
275	23363	40103	\N
276	23363	40505	\N
277	23363	40506	\N
278	23363	40502	\N
279	23363	40507	\N
280	23363	40501	\N
281	23363	50505	\N
282	23363	50502	\N
283	23363	50501	\N
284	23363	50503	\N
285	23363	50403	\N
286	23363	50404	\N
287	23363	50402	\N
288	23363	50401	\N
289	23363	50603	\N
290	23363	50602	\N
291	23363	50604	\N
292	23363	50702	\N
293	23363	50708	\N
294	23363	70405	\N
295	23363	70404	\N
296	23363	70410	\N
297	23363	70408	\N
298	23363	70402	\N
299	23363	70409	\N
300	23363	80109	\N
301	23363	80201	\N
302	23363	80303	\N
303	23363	80302	\N
304	23363	80304	\N
305	23363	80307	\N
306	23363	80101	\N
307	23363	80106	\N
308	23363	80103	\N
309	23363	80206	\N
310	23364	40301	\N
311	23364	40402	\N
312	23364	40103	\N
313	23364	40617	\N
314	23364	40208	\N
315	23364	605	\N
316	23364	70405	\N
317	23364	70404	\N
318	23364	70410	\N
319	23364	70408	\N
320	23364	70409	\N
321	23364	70402	\N
322	23364	80302	\N
323	23364	80206	\N
324	23364	80303	\N
325	23364	110103	\N
326	23368	120103	\N
327	23368	120101	\N
328	23368	120108	\N
329	23369	12	\N
330	23370	12	\N
331	23371	60503	\N
332	23372	2	\N
333	23372	10101	\N
334	23372	104	\N
335	23372	702	\N
336	23372	6	\N
337	23372	5	\N
338	23372	404	\N
339	23372	401	\N
340	23372	402	\N
341	23372	406	\N
342	23372	403	\N
343	23372	3	\N
344	23372	103	\N
345	23763	40304	\N
346	23763	40302	\N
347	23763	40301	\N
348	23761	40613	\N
349	23761	40103	\N
350	23761	40206	\N
351	23761	40204	\N
352	23761	40203	\N
353	23761	40208	\N
354	23761	40106	\N
355	23761	40105	\N
356	23760	40302	\N
357	23759	40303	\N
358	23758	130407	\N
359	23758	120104	\N
360	23758	100101	\N
361	23758	110102	\N
362	23758	80201	\N
363	23758	90102	\N
364	23758	70203	\N
365	23758	60106	\N
366	23758	50502	\N
367	23758	40101	\N
368	23758	30109	\N
369	23758	10101	\N
370	23758	20108	\N
372	23755	60503	\N
374	23753	20109	\N
375	23751	100101	\N
376	23750	90502	\N
377	23750	90208	\N
380	23748	12	\N
381	23747	60504	\N
382	23373	120301	\N
383	23373	120103	\N
384	23516	130103	\N
385	23516	90204	\N
386	23374	30109	\N
387	23375	120301	\N
388	23375	120103	\N
389	23375	120105	\N
390	23376	120301	\N
391	23376	120103	\N
392	23376	120105	\N
393	23377	101	\N
394	23378	10101	\N
395	23378	10104	\N
396	23378	10103	\N
397	23378	10106	\N
398	23379	1	\N
399	23379	603	\N
400	23379	602	\N
401	23379	8	\N
402	23379	10	\N
403	23381	40101	\N
404	23382	40102	\N
406	23386	20108	\N
407	23387	201	\N
408	23387	204	\N
409	23387	203	\N
410	23387	101	\N
411	23387	104	\N
412	23387	103	\N
413	23387	301	\N
414	23387	403	\N
415	23387	401	\N
416	23387	404	\N
417	23387	507	\N
418	23387	506	\N
419	23387	6	\N
420	23387	702	\N
421	23387	705	\N
422	23387	703	\N
423	23387	902	\N
424	23387	901	\N
425	23387	905	\N
426	23387	8	\N
427	23387	1103	\N
428	23387	1102	\N
429	23387	1101	\N
430	23387	1002	\N
431	23387	1003	\N
432	23387	1001	\N
433	23387	12	\N
434	23387	1302	\N
435	23387	1303	\N
436	23387	1304	\N
437	23388	40105	\N
438	23389	20111	\N
439	23390	40103	\N
440	23391	40103	\N
442	23393	60503	\N
443	23394	60405	\N
444	23396	70203	\N
446	23398	100101	\N
447	23399	130407	\N
449	23401	120303	\N
450	23401	120301	\N
451	23401	120205	\N
452	23401	120103	\N
453	23403	130207	\N
454	23404	130407	\N
455	23402	20104	\N
460	23402	20205	\N
461	23402	20306	\N
462	23402	20305	\N
463	23402	20302	\N
464	23406	20301	\N
465	23406	20302	\N
466	23406	20305	\N
467	23406	20306	\N
468	23406	20207	\N
469	23406	20308	\N
470	23406	20201	\N
471	23407	20104	\N
472	23407	20302	\N
473	23407	20305	\N
474	23407	20306	\N
475	23407	20205	\N
476	23408	20201	\N
477	23408	20205	\N
478	23408	20206	\N
479	23408	20207	\N
480	23408	20302	\N
481	23408	20305	\N
482	23408	20301	\N
483	23408	20109	\N
484	23408	20103	\N
485	23408	20104	\N
486	23408	20111	\N
487	23408	20108	\N
488	23410	30108	\N
489	23410	30507	\N
490	23410	30102	\N
491	23410	30109	\N
492	23410	30503	\N
493	23410	30506	\N
494	23410	30504	\N
495	23410	30608	\N
496	23410	30603	\N
497	23410	30605	\N
498	23410	30606	\N
499	23410	30602	\N
500	23410	30607	\N
501	23410	30604	\N
502	23413	40618	\N
503	23413	40617	\N
504	23413	40504	\N
505	23411	40607	\N
515	23413	40607	\N
516	23413	40204	\N
517	23414	30502	\N
518	23414	30503	\N
519	23414	30507	\N
520	23414	30504	\N
521	23414	30109	\N
522	23414	30102	\N
523	23414	30108	\N
524	23414	30604	\N
525	23414	306	\N
526	23414	30608	\N
527	23414	30606	\N
528	23414	30605	\N
529	23414	30603	\N
530	23414	30607	\N
531	24030	30605	\N
593	23420	130407	\N
594	23421	130407	\N
595	23422	130407	\N
596	23423	6	\N
597	23424	40101	\N
598	23424	40105	\N
599	23424	606	\N
600	23424	605	\N
601	23424	603	\N
602	23424	602	\N
603	23424	601	\N
604	23424	1201	\N
605	23425	20101	\N
606	23426	20101	\N
607	23427	60204	\N
608	23427	60603	\N
609	23427	604	\N
610	23432	10101	\N
611	23432	60503	\N
612	23432	110102	\N
613	23433	110604	\N
614	23434	6	\N
615	23434	101	\N
616	23434	201	\N
617	23434	802	\N
622	23436	20108	\N
623	23436	10101	\N
624	23436	30109	\N
625	23436	40101	\N
626	23436	50502	\N
627	23436	60503	\N
628	23436	70202	\N
629	23436	90102	\N
630	23436	80201	\N
631	23436	110102	\N
632	23436	100101	\N
633	23436	120104	\N
634	23436	130407	\N
635	23437	10105	\N
639	23440	110102	\N
640	23441	20101	\N
641	23441	20111	\N
642	23441	20103	\N
643	23441	20104	\N
644	23441	40101	\N
645	23441	40104	\N
646	23441	40103	\N
647	23441	40106	\N
648	23441	70201	\N
649	23441	70202	\N
650	23441	70204	\N
651	23441	70511	\N
652	23441	70203	\N
653	23441	70207	\N
654	23441	70102	\N
655	23441	70208	\N
656	23442	20101	\N
657	23442	20111	\N
658	23442	20104	\N
659	23442	40101	\N
660	23442	40104	\N
661	23442	40105	\N
662	23442	40103	\N
663	23442	40106	\N
664	23442	70201	\N
665	23442	20103	\N
666	23442	70204	\N
667	23442	70511	\N
668	23442	70203	\N
669	23442	70207	\N
670	23442	70208	\N
671	23444	10402	\N
672	23303	20108	\N
673	23303	10101	\N
674	23303	30109	\N
675	23303	40101	\N
676	23303	50502	\N
677	23303	6	\N
678	23303	70203	\N
679	23303	90102	\N
680	23303	80201	\N
681	23303	110102	\N
682	23303	100101	\N
683	23303	120104	\N
684	23303	130407	\N
687	23448	40303	\N
698	23453	20108	\N
699	23454	60504	\N
700	23455	60106	\N
701	23455	60602	\N
702	23455	603	\N
703	23455	90108	\N
704	23455	90110	\N
705	23455	90107	\N
706	23456	6	\N
707	23457	90101	\N
708	23457	90103	\N
709	23457	90104	\N
710	23457	90106	\N
711	23457	90108	\N
712	23457	90105	\N
713	23458	6	\N
715	23460	60602	\N
716	23460	70203	\N
717	23461	80104	\N
730	23466	50603	\N
731	23467	50603	\N
732	23468	50403	\N
733	23469	50502	\N
734	23470	20101	\N
735	24111	70402	\N
736	23472	20108	\N
737	23473	20108	\N
739	23476	90302	\N
740	23476	80304	\N
741	23477	80303	\N
742	23478	80306	\N
743	23480	80306	\N
759	23483	30102	\N
760	23484	6	\N
761	23484	20109	\N
762	23484	10105	\N
763	23484	30109	\N
764	23484	40101	\N
765	23484	50708	\N
766	23484	70203	\N
767	23484	130303	\N
768	23485	60502	\N
769	23485	30109	\N
770	24669	1	\N
771	24669	11	\N
772	23487	60401	\N
773	23487	60602	\N
774	23487	60503	\N
775	23487	60301	\N
776	23487	60205	\N
777	23487	60106	\N
778	23488	20108	\N
779	23488	70401	\N
780	23488	70203	\N
781	23488	70508	\N
782	23488	70301	\N
783	23488	70102	\N
790	23491	110104	\N
791	23491	110106	\N
792	23491	110102	\N
793	23491	110103	\N
794	23494	50502	\N
795	23495	50502	\N
796	23496	100101	\N
797	23497	6	\N
798	23498	60602	\N
799	23499	80104	\N
800	23500	60103	\N
801	23500	130407	\N
802	23500	20108	\N
803	23501	4	\N
804	23501	5	\N
805	23501	6	\N
806	23501	7	\N
807	23501	8	\N
808	23502	60504	\N
809	23503	301	\N
810	23503	303	\N
811	23504	301	\N
812	23505	60503	\N
813	23507	80201	\N
814	23508	8	\N
815	23511	90205	\N
816	23513	3	\N
817	23513	11	\N
818	23513	9	\N
819	23513	13	\N
820	23514	110504	\N
821	23516	90205	\N
822	23516	90201	\N
823	23516	90208	\N
824	23516	90209	\N
825	23516	90202	\N
826	23516	130104	\N
827	23516	130102	\N
833	23520	130303	\N
834	23521	50504	\N
835	23522	60503	\N
836	23523	80201	\N
837	23523	80108	\N
838	23524	8	\N
839	23525	80201	\N
840	23526	60602	\N
846	23528	60504	\N
847	23529	80201	\N
848	23530	2	\N
849	23531	30109	\N
852	23533	30109	\N
853	23534	7	\N
854	23535	605	\N
855	23536	6	\N
856	23537	606	\N
857	23538	60602	\N
858	23539	1304	\N
860	23541	201	\N
862	23546	1106	\N
863	23547	110102	\N
864	23510	20108	\N
865	23548	201	\N
866	23548	204	\N
867	23548	203	\N
868	23548	101	\N
869	23548	104	\N
870	23548	103	\N
871	23548	301	\N
872	23548	302	\N
873	23548	305	\N
874	23548	401	\N
875	23548	403	\N
876	23548	406	\N
877	23548	505	\N
878	23548	507	\N
879	23548	506	\N
880	23548	6	\N
881	23548	702	\N
882	23548	705	\N
883	23548	701	\N
884	23548	901	\N
885	23548	902	\N
887	23548	8	\N
888	23548	1101	\N
889	23548	1102	\N
890	23548	1106	\N
891	23548	1001	\N
892	23548	1003	\N
893	23548	1004	\N
894	23548	12	\N
895	23548	1304	\N
896	23548	1303	\N
897	23548	1302	\N
898	23549	40301	\N
900	23550	60402	\N
901	23550	60404	\N
902	23551	1106	\N
903	23552	1106	\N
905	23556	120102	\N
906	23557	120106	\N
907	23558	120102	\N
908	23559	30103	\N
909	23560	80303	\N
910	23561	130207	\N
911	23562	130206	\N
912	23563	40208	\N
913	23564	40105	\N
914	23565	20402	\N
916	23567	100101	\N
917	23570	7	\N
918	23571	30109	\N
919	23572	30401	\N
920	23572	306	\N
921	23573	1004	\N
788	23491	1101	\N
786	23491	3	\N
926	23576	60104	\N
927	23578	6	\N
928	23578	11	\N
929	23579	60604	\N
930	23580	1101	\N
931	23580	305	\N
932	23580	301	\N
933	23580	606	\N
934	23582	10	\N
935	23587	606	\N
936	23587	605	\N
937	23587	601	\N
938	23587	602	\N
939	23587	20108	\N
940	23587	10101	\N
941	23587	30109	\N
942	23587	40102	\N
943	23587	50502	\N
944	23587	70203	\N
945	23587	90102	\N
946	23587	80201	\N
947	23587	110102	\N
948	23587	100101	\N
949	23587	120104	\N
950	23587	130407	\N
951	23591	6	\N
952	23592	60205	\N
953	23593	2	\N
954	23593	1	\N
955	23593	6	\N
956	23593	9	\N
957	23596	2	\N
958	23596	3	\N
959	23596	1	\N
961	23601	10101	\N
962	23601	104	\N
963	23601	1004	\N
964	23602	80305	\N
965	23602	70203	\N
966	23603	10304	\N
967	23604	60602	\N
968	23604	70203	\N
971	23606	70105	\N
972	23606	70106	\N
973	23606	70107	\N
974	23606	70108	\N
975	23606	70109	\N
976	23607	60105	\N
977	23607	70203	\N
978	23608	11	\N
979	23609	80303	\N
985	23613	60502	\N
987	23616	6	\N
990	23887	60607	\N
991	23618	6	\N
1002	23620	401	\N
1003	23620	6	\N
1004	23621	20108	\N
1005	23621	90102	\N
1006	23621	90405	\N
1007	23621	90502	\N
1008	23622	201	\N
1009	23622	204	\N
1010	23622	901	\N
1011	23622	902	\N
1012	23623	2	\N
1013	23623	901	\N
1014	23623	904	\N
1015	23623	905	\N
1016	23624	6	\N
1017	23624	12	\N
1018	23626	20108	\N
1019	23626	10101	\N
1020	23626	30109	\N
1021	23626	40101	\N
1022	23626	50502	\N
1023	23626	6	\N
1024	23626	70203	\N
1025	23626	90102	\N
1026	23626	80201	\N
1027	23626	110102	\N
1028	23626	100101	\N
1029	23626	120104	\N
1030	23626	130407	\N
1031	23627	120107	\N
1032	23627	90501	\N
1033	23629	90206	\N
1034	23629	90207	\N
1035	23629	90208	\N
1036	23629	90109	\N
1037	23629	90101	\N
1038	23629	90102	\N
1039	23629	90106	\N
1040	23629	90107	\N
1041	23629	90110	\N
1042	23629	90105	\N
1043	24430	201	\N
1044	24180	1201	\N
1045	24180	802	\N
1046	24180	702	\N
1047	24180	505	\N
1048	24149	3	\N
1049	24149	1	\N
1050	23631	30101	\N
1051	23632	20108	\N
1052	23632	10101	\N
1053	23632	30109	\N
1054	23632	40101	\N
1055	23632	50502	\N
1056	23632	60106	\N
1057	23632	70203	\N
1058	23632	90102	\N
1059	23632	80201	\N
1060	23632	110102	\N
1061	23632	100101	\N
1062	23632	120104	\N
1063	23632	130407	\N
1064	23633	10301	\N
1065	23633	30109	\N
1066	23633	40104	\N
1067	23633	50502	\N
1068	23633	70203	\N
1069	23633	90102	\N
1070	23633	120104	\N
1071	23633	60501	\N
1072	23634	2	\N
1073	23634	6	\N
1074	23634	7	\N
1075	23634	8	\N
1076	23638	201	\N
1077	23639	201	\N
1078	23640	30203	\N
1079	23640	70203	\N
1080	23640	120104	\N
1081	23641	80103	\N
1082	23642	80103	\N
1083	23641	70203	\N
1084	23641	70105	\N
1085	23643	20207	\N
1086	23644	30204	\N
1087	23644	30506	\N
1088	23644	30603	\N
1089	23644	50604	\N
1090	23644	50403	\N
1091	23644	50502	\N
1092	23644	50504	\N
1093	23644	60402	\N
1094	23644	60302	\N
1095	23644	110203	\N
1096	23644	110302	\N
1097	23644	120301	\N
1098	23644	120108	\N
1099	23644	120402	\N
1100	23644	120201	\N
1101	23644	130407	\N
1105	23647	90102	\N
1106	23647	90208	\N
1107	23648	90102	\N
1108	23650	60104	\N
1109	23650	30109	\N
1110	23651	30110	\N
1111	23651	30109	\N
1112	23652	30104	\N
1113	23652	30109	\N
1114	23652	30110	\N
1115	23653	30109	\N
1116	23653	30205	\N
1117	23654	60503	\N
1118	23655	90101	\N
1119	23656	130403	\N
1120	23657	30101	\N
1121	23658	130410	\N
1126	23664	301	\N
1127	23664	4	\N
1128	23664	5	\N
1129	23664	10	\N
1130	23664	11	\N
1131	23664	12	\N
1132	23665	60103	\N
1133	23666	70203	\N
1134	23667	6	\N
1136	23669	130403	\N
1139	23672	90102	\N
1141	23674	40103	\N
1143	23676	90208	\N
1148	23682	120104	\N
1149	23683	60503	\N
1150	23685	90301	\N
1165	23703	30109	\N
1166	23704	60402	\N
1167	23706	90102	\N
1169	23709	90102	\N
1170	23710	30110	\N
1171	23711	9	\N
1172	23719	60503	\N
1173	23719	80201	\N
1174	23719	80101	\N
1175	23728	2	\N
1176	23728	1	\N
1177	23728	6	\N
1178	23729	902	\N
1179	23729	901	\N
1180	23735	802	\N
1181	23736	301	\N
1182	23737	1304	\N
1183	23738	1201	\N
1184	23739	901	\N
1185	23740	505	\N
1186	23741	1101	\N
1187	23743	6	\N
1188	23744	6	\N
1189	23745	60602	\N
1190	23763	40305	\N
1191	23763	40306	\N
1192	23763	40401	\N
1193	23763	40402	\N
1194	23763	40403	\N
1198	23765	6	\N
1199	23766	110102	\N
1201	23817	60105	\N
1202	23768	60205	\N
1203	23768	60504	\N
1204	23768	60503	\N
1205	23770	6	\N
1206	23773	80201	\N
1207	4424	40103	\N
1208	23775	20108	\N
1209	23777	6	\N
1210	24146	505	\N
1211	23780	20108	\N
1212	23780	10101	\N
1213	23780	30109	\N
1214	23780	40105	\N
1215	23780	50502	\N
1216	23780	60104	\N
1217	23780	70203	\N
1218	23780	90102	\N
1219	23780	80201	\N
1220	23780	110102	\N
1221	23780	100101	\N
1222	23780	120104	\N
1223	23780	130407	\N
1224	23573	30202	\N
1225	23573	30205	\N
1226	23573	30208	\N
1227	23781	6	\N
1228	23782	2	\N
1229	23782	1	\N
1230	23782	3	\N
1231	23782	4	\N
1232	23782	6	\N
1233	23782	7	\N
1234	23782	8	\N
1235	23782	11	\N
1236	23776	70207	\N
1237	23784	10301	\N
1238	23784	10304	\N
1239	23785	902	\N
1240	23785	904	\N
1241	23772	90202	\N
1242	23772	90209	\N
1243	23772	90205	\N
1244	23772	90201	\N
1245	23772	90204	\N
1246	23772	90208	\N
1247	23772	90303	\N
1248	23772	90306	\N
1249	23772	90301	\N
1250	23772	90405	\N
1251	23772	90102	\N
1255	23789	2	\N
1256	23790	1	\N
1258	23793	5	\N
1259	23794	50603	\N
1260	23795	50102	\N
1261	23797	70203	\N
1262	23798	70208	\N
1263	23799	70203	\N
1264	23801	70207	\N
1267	23804	100304	\N
1274	24197	602	\N
1275	23808	40401	\N
1276	23809	40401	\N
1278	23811	1	\N
1279	23811	3	\N
1280	23811	4	\N
1281	23811	7	\N
1282	23811	9	\N
1283	23811	10	\N
1284	23811	13	\N
1285	23813	606	\N
1286	23813	605	\N
1287	23813	603	\N
1288	23813	602	\N
1289	23813	601	\N
1290	23814	606	\N
1291	23815	60602	\N
1292	23815	70203	\N
1293	23816	1	\N
1294	23816	6	\N
1298	23823	60602	\N
1304	23828	4	\N
1305	23828	703	\N
1306	23829	60401	\N
1307	23829	60204	\N
1308	23830	60106	\N
1310	24660	60503	\N
1311	24659	6	\N
1312	23838	60501	\N
1313	23839	20108	\N
1314	23839	10101	\N
1315	23839	30109	\N
1316	23839	40105	\N
1317	23839	50502	\N
1318	23839	60602	\N
1319	23839	60503	\N
1320	23839	60204	\N
1321	23839	60106	\N
1322	23839	70203	\N
1323	23839	90102	\N
1324	23839	80201	\N
1325	23839	110102	\N
1326	23839	100101	\N
1327	23839	120104	\N
1328	23839	130407	\N
1329	23840	2	\N
1330	23840	1	\N
1331	23840	301	\N
1332	23840	401	\N
1333	23840	606	\N
1334	23840	605	\N
1335	23840	7	\N
1336	23840	9	\N
1337	23840	11	\N
1338	23840	8	\N
1339	23840	10	\N
1340	23840	1201	\N
1341	23840	13	\N
1342	23603	10305	\N
1343	23603	10301	\N
1344	23603	10306	\N
1345	23603	70202	\N
1346	23841	2	\N
1347	23841	1	\N
1348	23841	301	\N
1349	23841	401	\N
1350	23841	606	\N
1351	23841	605	\N
1352	23841	7	\N
1353	23841	9	\N
1354	23841	8	\N
1355	23841	11	\N
1356	23841	10	\N
1357	23841	1201	\N
1358	23841	13	\N
1359	23842	2	\N
1360	23842	1	\N
1361	23842	301	\N
1362	23842	401	\N
1364	23842	605	\N
1365	23842	7	\N
1366	23842	9	\N
1367	23842	8	\N
1368	23842	11	\N
1369	23842	10	\N
1370	23842	1201	\N
1371	23842	13	\N
1372	23844	90201	\N
1373	23844	90208	\N
1374	23844	90202	\N
1375	23844	90205	\N
1376	23844	90204	\N
1377	23844	90209	\N
1378	23844	130104	\N
1379	23844	130102	\N
1380	23844	130103	\N
1381	23845	90202	\N
1382	23845	90209	\N
1383	23845	90201	\N
1384	23845	90205	\N
1385	23845	90204	\N
1386	23845	90208	\N
1387	23845	130104	\N
1388	23845	130102	\N
1389	23845	130103	\N
1390	23846	6	\N
1391	23855	1	\N
1392	23855	10	\N
1393	23857	6	\N
1394	23857	301	\N
1395	23857	101	\N
1396	23857	201	\N
1397	23220	80306	\N
1398	23864	20108	\N
1399	23864	70203	\N
1400	23864	100101	\N
1401	23864	50502	\N
1402	23865	30109	\N
1403	23865	30203	\N
1404	23865	30101	\N
1405	23865	30501	\N
1406	23865	30605	\N
1407	23865	30315	\N
1408	23865	50503	\N
1409	23865	50504	\N
1410	23865	50402	\N
1411	23865	50602	\N
1412	23865	50603	\N
1413	23865	50604	\N
1414	23865	50502	\N
1415	23865	60503	\N
1416	23865	60602	\N
1417	23865	60604	\N
1418	23865	60205	\N
1419	23865	70207	\N
1420	23865	70208	\N
1421	23865	70206	\N
1422	23865	70204	\N
1423	23865	70510	\N
1424	23865	70512	\N
1425	23865	90102	\N
1426	23865	90104	\N
1427	23865	90105	\N
1428	23865	90502	\N
1429	23865	90501	\N
1430	23865	100101	\N
1431	23865	100103	\N
1432	23865	100104	\N
1433	23865	100302	\N
1434	23865	100202	\N
1435	23865	100205	\N
1436	23865	120104	\N
1437	23865	120103	\N
1438	23865	120102	\N
1439	23865	120108	\N
1440	23865	120401	\N
1441	23865	120301	\N
1442	23867	70201	\N
1443	23541	7	\N
1444	23537	20405	\N
1445	23537	20404	\N
1446	23537	110203	\N
1447	23535	702	\N
1448	23535	101	\N
1449	23869	202	\N
1450	23869	10306	\N
1451	23871	6	\N
1453	23491	401	\N
1455	23878	3	\N
1456	23878	7	\N
1457	23879	20108	\N
1458	23879	10101	\N
1459	23879	30109	\N
1460	23879	40101	\N
1461	23879	50502	\N
1462	23879	6	\N
1463	23879	70203	\N
1464	23879	90102	\N
1465	23879	80201	\N
1466	23879	110102	\N
1467	23879	100101	\N
1468	23879	120104	\N
1469	23879	130407	\N
1472	23881	90201	\N
1473	23881	90110	\N
1478	23884	104	\N
1479	23884	101	\N
1480	23890	20108	\N
1363	23842	6	\N
1481	23890	10101	\N
1482	23890	30109	\N
1483	23890	40101	\N
1484	23890	50502	\N
1485	23890	6	\N
1486	23890	70203	\N
1487	23890	90102	\N
1488	23890	80201	\N
1489	23890	110103	\N
1490	23890	100101	\N
1491	23890	120104	\N
1492	23890	130407	\N
1514	23891	30109	\N
1515	23895	30109	\N
1516	23896	30109	\N
1517	23897	30109	\N
1518	23898	30109	\N
1519	23898	40101	\N
1520	23898	80201	\N
1521	23898	110102	\N
1525	23540	901	\N
1527	23652	30501	\N
1528	23748	13	\N
1529	23748	4	\N
1530	23748	1101	\N
1531	23748	3	\N
1532	23748	9	\N
1533	23902	40101	\N
1534	23903	120104	\N
1535	23904	604	\N
1536	23905	9	\N
1537	24669	4	\N
1538	24667	1001	\N
1539	24667	11	\N
1540	24667	13	\N
1541	23906	3	\N
1542	23906	11	\N
1543	23906	2	\N
1544	23906	7	\N
1545	23912	60405	\N
1546	23913	60106	\N
1547	23914	6	\N
1551	23915	60206	\N
1552	23917	60104	\N
1553	23918	60206	\N
1554	23920	20108	\N
1555	23920	10101	\N
1556	23920	30109	\N
1557	23920	40101	\N
1558	23920	50502	\N
1559	23920	70203	\N
1560	23920	60503	\N
1561	23920	90102	\N
1562	23920	80201	\N
1563	23920	110102	\N
1564	23920	100101	\N
1565	23920	120104	\N
1566	23920	130407	\N
1567	23921	12	\N
1568	23921	7	\N
1570	23927	6	\N
1571	23932	1	\N
1572	23932	6	\N
1575	23935	203	\N
1576	23935	702	\N
1577	23935	704	\N
1578	23935	703	\N
1579	23935	701	\N
1580	23935	1103	\N
1581	23935	1106	\N
1582	23935	130503	\N
1583	23935	130402	\N
1584	23935	1203	\N
1585	23935	1202	\N
1612	23939	406	\N
1613	23939	501	\N
1614	23939	502	\N
1615	23939	503	\N
1616	23939	507	\N
1617	23939	505	\N
1618	23939	506	\N
1619	23939	70402	\N
1620	23939	70201	\N
1621	23939	70508	\N
1622	23939	70302	\N
1623	23939	70101	\N
1624	23939	80101	\N
1625	23939	80306	\N
1626	23940	4	\N
1627	23940	5	\N
1628	23940	604	\N
1629	23940	602	\N
1630	23940	704	\N
1631	23940	705	\N
1632	23940	70302	\N
1633	23940	70101	\N
1634	23940	80201	\N
1635	23940	80101	\N
1636	23940	80306	\N
1637	23943	20108	\N
1638	23944	60501	\N
1646	23949	60401	\N
1647	23950	604	\N
1648	23951	604	\N
1649	23952	60504	\N
1651	23955	30110	\N
1652	23306	50501	\N
1653	23956	70210	\N
1654	23306	40101	\N
1655	23613	50501	\N
1656	23613	40101	\N
1664	23959	6	\N
1665	23411	40504	\N
1550	23914	3	\N
1549	23914	2	\N
1548	23914	101	\N
1569	23925	6	\N
1666	23411	406	\N
1667	23411	40613	\N
1668	23411	40616	\N
1669	23411	40401	\N
1670	23962	120104	\N
1671	23968	40401	\N
1684	22956	5	\N
1685	22956	4	\N
1686	22956	10	\N
1687	22956	13	\N
1688	22956	3	\N
1689	22956	11	\N
1690	1140	40103	\N
1691	1140	40102	\N
1692	23970	70403	\N
1693	23971	60503	\N
1696	23973	306	\N
1698	23973	30107	\N
1702	23380	6	\N
1709	23973	90304	\N
1710	23973	90209	\N
1711	23973	90102	\N
1712	23973	90405	\N
1713	23973	90502	\N
1714	23973	130407	\N
1715	23973	100101	\N
1716	23973	50502	\N
1717	23807	401	\N
1718	24197	605	\N
1719	24197	606	\N
1720	24197	504	\N
1721	23974	5	\N
1722	23975	50502	\N
1723	24146	401	\N
1724	23976	1001	\N
1725	23976	702	\N
1726	23976	505	\N
1727	23976	130407	\N
1728	23977	20108	\N
1729	23977	10101	\N
1730	24146	101	\N
1731	23977	6	\N
1732	23977	70203	\N
1733	24146	201	\N
1734	23978	20105	\N
1735	23978	20104	\N
1736	23978	20101	\N
1737	23978	20110	\N
1738	23979	20108	\N
1739	23979	10101	\N
1740	23979	30109	\N
1741	23979	6	\N
1742	23979	70201	\N
1743	23979	130407	\N
1744	23980	130206	\N
1745	23980	130205	\N
1746	23980	130208	\N
1747	23981	130206	\N
1748	23981	130205	\N
1749	23981	130208	\N
1750	24699	401	\N
1753	24697	8	\N
1754	23982	802	\N
1755	23982	801	\N
1756	23983	30101	\N
1757	23983	30111	\N
1758	23983	30104	\N
1759	23983	30501	\N
1760	23983	30108	\N
1761	23983	30109	\N
1762	23984	70205	\N
1763	23984	70102	\N
1764	23984	70103	\N
1765	23984	70104	\N
1766	23984	70106	\N
1767	23984	70105	\N
1768	23984	70107	\N
1769	23984	70210	\N
1770	23984	70207	\N
1771	23984	70108	\N
1772	23985	70208	\N
1773	23985	70203	\N
1774	23986	10306	\N
1775	23986	10301	\N
1776	23986	10106	\N
1778	23988	10	\N
1779	23989	201	\N
1780	23989	1001	\N
1781	23990	201	\N
1782	23990	204	\N
1783	23995	60503	\N
1784	23995	60301	\N
1785	23995	60302	\N
1794	23869	301	\N
1795	23869	303	\N
1796	23869	305	\N
1797	23334	20304	\N
1798	23334	1	\N
1799	23334	606	\N
1800	23334	603	\N
1801	23334	8	\N
1802	23334	10	\N
1803	24001	1106	\N
1804	24001	1103	\N
1805	24001	1105	\N
1806	24001	203	\N
1808	24003	60104	\N
1809	24003	130407	\N
1810	24004	60501	\N
1814	24008	901	\N
1815	24009	60205	\N
1816	24010	60205	\N
1817	24011	20403	\N
1818	24011	20402	\N
1819	24013	20111	\N
1820	24013	10102	\N
1823	24016	40603	\N
1824	24017	802	\N
1832	24175	11	\N
1833	24175	9	\N
1834	24025	30103	\N
1835	24026	50708	\N
1836	24026	50701	\N
1845	24029	104	\N
1846	24029	103	\N
1847	24029	501	\N
1848	24029	502	\N
1849	24029	506	\N
1850	24029	504	\N
1751	24698	101	\N
1837	24027	6	\N
1777	23987	100203	\N
1851	24029	60205	\N
1852	24029	803	\N
1853	24029	12	\N
1854	23414	30506	\N
1855	24030	30606	\N
1856	24030	30602	\N
1857	24030	30604	\N
1858	24031	30602	\N
1859	24031	30607	\N
1861	24035	7	\N
1862	24036	6	\N
1863	24038	30109	\N
1864	24038	30101	\N
1865	24038	30104	\N
1866	24038	30103	\N
1867	24038	30111	\N
1868	24038	30110	\N
1869	24038	30108	\N
1870	24038	30102	\N
1871	24038	30106	\N
1872	24038	30507	\N
1873	24038	30602	\N
1874	24038	30502	\N
1875	24038	30504	\N
1876	24038	30503	\N
1877	24038	30506	\N
1878	24038	30606	\N
1879	24038	30202	\N
1880	24038	90206	\N
1881	24038	90208	\N
1882	24038	90205	\N
1883	24038	90102	\N
1884	24038	90101	\N
1885	24038	90110	\N
1886	24038	90104	\N
1887	24038	90105	\N
1888	24038	90406	\N
1889	24038	130402	\N
1890	24038	130408	\N
1891	24038	130405	\N
1892	24038	130301	\N
1893	24038	130504	\N
1894	24038	130407	\N
1895	24038	130106	\N
1896	24038	130204	\N
1897	24038	130206	\N
1898	24038	130202	\N
1899	24038	130404	\N
1900	24038	130305	\N
1901	24038	130303	\N
1902	24039	30110	\N
1903	24039	30206	\N
1904	24039	30504	\N
1905	24039	130408	\N
1906	24039	130401	\N
1907	24039	130402	\N
1908	24039	130504	\N
1909	24039	130303	\N
1910	24041	2	\N
1911	24041	1	\N
1912	24041	4	\N
1913	24041	5	\N
1914	24041	6	\N
1915	24041	7	\N
1916	24041	8	\N
1917	24041	10	\N
1918	24041	12	\N
1919	24042	8	\N
1920	23333	606	\N
1921	23333	605	\N
1922	23981	130106	\N
1923	23981	130303	\N
1924	23981	130301	\N
1925	24035	12	\N
1929	24046	20109	\N
1930	24047	20101	\N
1931	24048	101	\N
1932	24048	301	\N
1933	24048	406	\N
1934	24048	401	\N
1935	24048	602	\N
1936	24048	705	\N
1937	24048	1204	\N
1938	24048	1305	\N
1939	24049	13	\N
1940	24050	13	\N
1942	23357	80109	\N
1943	24052	120204	\N
1944	24052	120203	\N
1945	24052	120201	\N
1946	24052	120104	\N
1947	24053	120202	\N
1948	24053	120203	\N
1949	24053	120201	\N
1950	24053	120204	\N
1951	24054	120204	\N
1952	24054	120203	\N
1953	24054	120202	\N
1954	24054	120201	\N
1955	24055	40101	\N
1956	24055	40103	\N
1957	24055	40106	\N
1958	24055	40203	\N
1959	24055	40208	\N
1960	24055	40206	\N
1961	24055	50402	\N
1962	24055	50502	\N
1963	24055	50601	\N
1964	24055	50603	\N
1965	24055	50604	\N
1966	24055	50401	\N
1967	24055	50602	\N
1968	24056	10102	\N
1969	24056	10105	\N
1970	24056	10107	\N
1971	24056	301	\N
1972	24056	303	\N
1973	24056	402	\N
1974	24056	505	\N
1975	24056	507	\N
1976	24056	603	\N
1977	24056	702	\N
1978	24056	703	\N
1979	24056	901	\N
1980	24056	802	\N
1981	24056	1101	\N
1982	24056	1001	\N
1983	24056	1004	\N
1984	24056	1201	\N
1985	24056	1301	\N
1986	24057	605	\N
1987	24058	1	\N
1988	24058	801	\N
1989	24058	1103	\N
1990	24058	1001	\N
1991	24058	1004	\N
1992	24059	201	\N
1993	24060	110302	\N
1994	24061	40203	\N
1995	24061	40208	\N
1996	24061	40502	\N
1997	24061	40103	\N
1998	24061	40105	\N
1999	24061	40106	\N
2000	24061	50505	\N
2001	24061	50601	\N
2002	24061	50604	\N
2003	24061	50603	\N
2004	24061	50402	\N
2005	24061	50503	\N
2006	24061	50502	\N
2007	24062	50503	\N
2008	24062	80101	\N
2009	24062	80106	\N
2010	24062	80201	\N
2011	24062	80207	\N
2012	24062	80203	\N
2013	24062	80205	\N
2014	24062	80303	\N
2015	24062	80202	\N
2016	24063	40618	\N
2017	24063	40614	\N
2018	24063	40602	\N
2019	24063	40208	\N
2020	24063	40203	\N
2021	24063	40205	\N
2022	24063	40206	\N
2025	24065	40101	\N
2026	24066	705	\N
2027	24066	703	\N
2028	24066	803	\N
2029	24069	60503	\N
2030	24070	604	\N
2031	24070	60503	\N
2032	23372	705	\N
2033	23372	703	\N
2034	23372	701	\N
2035	23372	9	\N
1927	24044	6	\N
1928	24045	6	\N
2023	24064	40301	\N
2024	24064	402	\N
2036	23372	8	\N
2037	23372	1103	\N
2038	23372	1102	\N
2039	23372	1101	\N
2040	23372	1104	\N
2041	23372	1002	\N
2042	23372	1003	\N
2043	23372	1001	\N
2044	23372	12	\N
2045	23372	1305	\N
2046	23372	1302	\N
2047	23372	1303	\N
2048	23372	1304	\N
2049	24071	103	\N
2050	24072	2	\N
2051	24072	1	\N
2052	24072	11	\N
2053	24072	10	\N
2054	24072	13	\N
2055	24073	80201	\N
2056	24073	80202	\N
2057	24073	80205	\N
2058	24073	80204	\N
2059	24073	80105	\N
2060	24073	80108	\N
2066	24075	60404	\N
2067	24075	60402	\N
2068	24075	60405	\N
2069	24075	60403	\N
2070	24075	60401	\N
2071	23639	101	\N
2072	23639	301	\N
2073	23639	702	\N
2074	23639	802	\N
2075	23639	1101	\N
2077	23638	101	\N
2078	23638	406	\N
2079	23638	505	\N
2080	23638	601	\N
2081	23638	702	\N
2082	23638	902	\N
2083	23638	802	\N
2084	23638	1201	\N
2085	24076	20302	\N
2086	24076	20108	\N
2087	24076	20102	\N
2088	24076	10309	\N
2089	24076	10306	\N
2090	24076	30108	\N
2091	24077	60602	\N
2092	24077	60301	\N
2093	24077	60605	\N
2094	24077	90204	\N
2095	24077	80104	\N
2096	24077	100107	\N
2097	24077	130401	\N
2098	24078	110104	\N
2099	24079	50604	\N
2100	24080	40103	\N
2101	24081	90402	\N
2102	24082	30108	\N
2103	24083	201	\N
2104	24083	602	\N
2105	24083	901	\N
2106	24084	802	\N
2107	24084	801	\N
2108	24085	606	\N
2109	24085	605	\N
2110	24085	801	\N
2111	24085	802	\N
2113	24088	60503	\N
2114	24090	60503	\N
2117	24093	80108	\N
2118	24094	80201	\N
2119	24095	80205	\N
2120	24097	60504	\N
2121	24098	60504	\N
2122	24099	60504	\N
2123	24100	60205	\N
2124	24100	70205	\N
2125	24100	10101	\N
2126	24105	20109	\N
2127	24106	60503	\N
2128	24107	110106	\N
2129	24107	130407	\N
2130	24108	60503	\N
2131	24109	100103	\N
2132	24110	60104	\N
2133	24111	50503	\N
2134	24112	20103	\N
2135	24112	20111	\N
2136	24112	20402	\N
2137	24112	20403	\N
2138	24113	20111	\N
2139	24115	60503	\N
2140	24116	301	\N
2143	24118	90209	\N
2144	24118	90202	\N
2145	24118	90208	\N
2146	24118	90204	\N
2147	24118	90205	\N
2148	24118	90201	\N
2149	24118	130103	\N
2150	24118	130102	\N
2151	24118	130104	\N
2156	24123	10101	\N
2157	24123	301	\N
2158	24123	40603	\N
2159	24123	50503	\N
2160	24123	6	\N
2161	24123	702	\N
2162	24123	902	\N
2163	24123	1101	\N
2164	24123	1201	\N
2165	24123	1304	\N
2166	24124	6	\N
2167	24125	60105	\N
2168	24126	20303	\N
2169	24126	10106	\N
2170	24127	20301	\N
2171	24127	10106	\N
2172	24127	60603	\N
2173	24127	70205	\N
2174	24127	80205	\N
2175	24127	110603	\N
2176	24128	6	\N
2177	24129	70102	\N
2178	24129	80105	\N
2179	24130	70107	\N
2180	24131	70401	\N
2181	24131	70303	\N
2182	24131	70210	\N
2183	24132	60102	\N
2184	23814	5	\N
2185	23814	4	\N
2186	23814	1201	\N
2187	24056	10402	\N
2188	24136	90102	\N
2189	24137	120303	\N
2190	24138	104	\N
2191	24138	30401	\N
2192	24138	30301	\N
2193	24138	70202	\N
2194	24138	70104	\N
2195	24139	90304	\N
2196	24139	90209	\N
2197	24139	90405	\N
2198	24139	100204	\N
2199	24139	100305	\N
2200	24139	130502	\N
2201	24139	130103	\N
2202	24140	60504	\N
2203	24141	60102	\N
2209	24146	6	\N
2210	24146	702	\N
2211	24146	802	\N
2212	24146	1001	\N
2213	24146	1201	\N
2214	24146	1304	\N
2215	23770	12	\N
2216	24149	4	\N
2217	24149	12	\N
2142	24116	5	Covalima
2141	24116	12	\N
2225	24150	90202	\N
2226	23655	90502	\N
2227	24154	80202	\N
2230	24155	50603	\N
2231	24156	60204	\N
2232	24157	9	\N
2233	24158	80201	\N
2234	24159	10104	\N
2235	24160	60503	\N
2236	24197	304	\N
2237	24162	10101	\N
2238	24163	30408	\N
2239	24163	90301	\N
2240	24163	90203	\N
2241	24164	30110	\N
2242	24164	30301	\N
2243	24164	30602	\N
2244	24165	90403	\N
2246	24167	120401	\N
2247	24167	120402	\N
2248	24152	6	\N
2249	24168	60202	\N
2250	24169	60504	\N
2251	24170	60503	\N
2252	24171	110102	\N
2257	24174	403	\N
2258	24175	3	\N
2259	24176	606	\N
2260	24177	50501	\N
2261	24178	20103	\N
2262	24180	406	\N
2263	24181	201	\N
2264	24183	80301	\N
2265	24184	80307	\N
2267	24186	7	\N
2268	24188	80302	\N
2269	24189	70101	\N
2270	24190	7	\N
2271	24191	7	\N
2272	24182	20307	\N
2273	24181	101	\N
2274	24181	301	\N
2275	24181	401	\N
2276	24181	505	\N
2277	24181	606	\N
2278	24181	605	\N
2279	24181	602	\N
2280	24181	601	\N
2281	24181	702	\N
2282	24181	901	\N
2283	24181	802	\N
2284	24181	1101	\N
2285	24181	1001	\N
2286	24181	1201	\N
2287	24181	1304	\N
2288	24183	80302	\N
2289	24189	70203	\N
2290	24189	70208	\N
2291	24189	70104	\N
2292	24176	605	\N
2293	24176	602	\N
2294	24176	601	\N
2295	24182	20302	\N
2296	24182	20304	\N
2297	24182	20305	\N
2298	24194	100302	\N
2299	24178	204	\N
2300	24178	202	\N
2301	24180	101	\N
2302	24180	201	\N
2304	24196	50503	\N
2305	24196	203	\N
2306	24196	6	\N
2307	24196	905	\N
2308	24196	801	\N
2309	24196	100104	\N
2310	24196	100101	\N
2311	24197	301	\N
2312	24197	302	\N
2313	24197	303	\N
2314	24197	305	\N
2315	24197	306	\N
2316	24198	90206	\N
2317	24198	90402	\N
2318	24200	902	\N
2319	24200	901	\N
2320	24201	1305	\N
2321	24202	1304	\N
2322	24203	1305	\N
2323	24205	1304	\N
2324	24206	1304	\N
2325	24207	20108	\N
2326	24207	20405	\N
2327	24186	201	\N
2328	24197	403	\N
2329	24197	406	\N
2330	24197	402	\N
2331	24197	401	\N
2332	24197	404	\N
2333	24197	501	\N
2334	24197	502	\N
2335	24178	203	\N
2336	24178	8	\N
2337	24178	10	\N
2338	23828	1	\N
2339	23828	3	\N
2340	23828	5	\N
2341	23828	6	\N
2342	23828	7	\N
2343	23828	8	\N
2344	23828	11	\N
2345	23828	10	\N
2346	23828	12	\N
2347	23828	13	\N
2348	24207	604	\N
2349	24207	60603	\N
2350	24207	605	\N
2351	24208	103	\N
2352	24208	301	\N
2353	24208	40103	\N
2354	24208	50502	\N
2355	24208	60403	\N
2356	24208	703	\N
2357	24208	903	\N
2358	24208	802	\N
2359	24208	1106	\N
2360	24208	1001	\N
2361	24208	1203	\N
2362	24208	1302	\N
2363	24209	90106	\N
2364	24209	90502	\N
2365	24210	202	\N
2366	24210	103	\N
2367	24210	301	\N
2368	24210	406	\N
2369	24210	5	\N
2370	24210	606	\N
2371	24210	702	\N
2372	24210	901	\N
2373	24210	8	\N
2374	24210	1101	\N
2375	24210	1001	\N
2376	24210	12	\N
2377	24210	13	\N
2378	24214	2	\N
2379	24214	1	\N
2380	24214	3	\N
2381	24214	4	\N
2382	24214	5	\N
2383	24214	6	\N
2384	24214	7	\N
2385	24214	9	\N
2386	24214	8	\N
2387	24214	11	\N
2388	24214	10	\N
2389	24214	12	\N
2390	24214	13	\N
2391	24217	203	\N
2392	24217	103	\N
2393	24217	303	\N
2394	24217	404	\N
2395	24217	50705	\N
2396	24217	603	\N
2397	24217	701	\N
2398	24217	901	\N
2399	24217	801	\N
2400	24217	1102	\N
2401	24217	1302	\N
2402	24218	7	\N
2403	24218	10	\N
2404	24226	201	\N
2405	24226	103	\N
2406	24226	401	\N
2253	24173	1203	\N
2407	24226	6	\N
2408	24226	7	\N
2409	24226	702	\N
2410	24226	901	\N
2411	24226	1001	\N
2412	24226	1203	\N
2413	24228	604	\N
2414	24228	605	\N
2415	24229	605	\N
2416	24229	7	\N
2417	24230	103	\N
2418	24230	301	\N
2419	24230	505	\N
2420	24230	605	\N
2421	24230	702	\N
2422	24235	2	\N
2423	24235	1	\N
2424	24235	301	\N
2425	24235	302	\N
2426	24235	303	\N
2427	24235	305	\N
2428	24235	306	\N
2429	24235	403	\N
2430	24235	406	\N
2431	24235	402	\N
2432	24235	401	\N
2433	24235	404	\N
2434	24235	507	\N
2435	24235	505	\N
2436	24235	506	\N
2437	24235	504	\N
2438	24235	604	\N
2439	24235	602	\N
2440	24235	7	\N
2441	24235	903	\N
2442	24235	902	\N
2443	24235	901	\N
2444	24235	904	\N
2445	24235	8	\N
2446	24235	1103	\N
2447	24235	1102	\N
2448	24235	1101	\N
2449	24235	10	\N
2450	24235	12	\N
2451	24235	1302	\N
2452	24235	1304	\N
2453	24000	2	\N
2454	24000	101	\N
2455	24000	104	\N
2456	24000	606	\N
2457	24000	603	\N
2458	24000	8	\N
2459	24000	1002	\N
2460	24000	1003	\N
2461	24236	406	\N
2462	24236	401	\N
2463	24236	507	\N
2464	24236	505	\N
2465	24236	6	\N
2466	24236	100202	\N
2467	24236	100105	\N
2468	24237	406	\N
2469	24237	401	\N
2470	24237	604	\N
2471	24237	605	\N
2472	24237	100202	\N
2473	24237	100105	\N
2474	24237	100101	\N
2475	24238	605	\N
2476	24239	604	\N
2477	24239	606	\N
2478	24239	602	\N
2479	24240	403	\N
2480	24240	401	\N
2481	24240	404	\N
2482	24240	5	\N
2483	24240	6	\N
2484	24240	901	\N
2485	24240	11	\N
2486	24241	203	\N
2487	24241	102	\N
2488	24241	104	\N
2489	24241	103	\N
2490	24241	403	\N
2491	24241	401	\N
2492	24241	404	\N
2493	24241	6	\N
2494	24241	702	\N
2495	24241	705	\N
2496	24242	2	\N
2497	24241	802	\N
2498	24241	803	\N
2499	24241	1001	\N
2500	24241	1302	\N
2501	24241	1301	\N
2502	24241	1304	\N
2503	24242	1	\N
2504	24242	3	\N
2505	24242	4	\N
2506	24242	501	\N
2507	24242	502	\N
2508	24242	507	\N
2509	24242	505	\N
2510	24242	506	\N
2511	24242	504	\N
2512	24242	604	\N
2513	24242	606	\N
2514	24242	605	\N
2515	24242	7	\N
2516	24242	9	\N
2517	24242	8	\N
2518	24242	11	\N
2519	24242	10	\N
2520	24242	12	\N
2521	24242	1305	\N
2522	24242	1302	\N
2523	24242	1301	\N
2524	24242	1303	\N
2525	24242	1304	\N
2526	24243	20103	\N
2527	24243	3	\N
2528	24243	5	\N
2529	24243	6	\N
2530	24243	7	\N
2531	24243	13	\N
2532	24243	10	\N
2534	24245	90208	\N
2535	24245	90209	\N
2536	24245	90101	\N
2537	24245	90501	\N
2538	24246	9	\N
2539	24247	904	\N
2540	24248	1302	\N
2541	24248	902	\N
2542	24249	902	\N
2543	24249	901	\N
2544	24253	901	\N
2545	24254	90102	\N
2546	24254	90106	\N
2547	24254	90110	\N
2548	24254	90103	\N
2549	24254	90105	\N
2550	24255	90102	\N
2551	24255	90103	\N
2552	24255	90110	\N
2553	24255	90105	\N
2554	24255	90106	\N
2555	24256	902	\N
2556	24256	901	\N
2557	24256	904	\N
2558	24257	903	\N
2559	24257	902	\N
2560	24257	901	\N
2561	24257	904	\N
2562	24262	90102	\N
2563	24263	90102	\N
2564	24264	90102	\N
2565	24265	90102	\N
2566	24266	1305	\N
2567	24266	1302	\N
2568	24266	1303	\N
2569	24266	1304	\N
2570	24267	130303	\N
2571	24267	130402	\N
2572	24267	130401	\N
2573	24267	130408	\N
2574	24269	1302	\N
2575	24269	1304	\N
2576	24270	13	\N
2577	24271	130407	\N
2579	24273	40603	\N
2580	984	40610	\N
2581	984	40603	\N
2582	984	40618	\N
2583	984	40602	\N
2584	984	40614	\N
2585	984	40607	\N
2586	24273	40610	\N
2587	24273	40618	\N
2588	24273	40602	\N
2589	24273	40614	\N
2590	24273	40607	\N
2591	24273	40601	\N
2592	24273	40613	\N
2593	24273	40616	\N
2594	24274	40610	\N
2595	24275	4	\N
2596	24276	401	\N
2597	24277	40105	\N
2598	24278	40105	\N
2599	24279	40301	\N
2600	24279	40304	\N
2601	24279	40303	\N
2602	24279	40602	\N
2603	24279	40618	\N
2604	24279	40614	\N
2605	24279	40201	\N
2606	24279	40105	\N
2607	24282	130404	\N
2608	24284	130404	\N
2609	24285	130404	\N
2610	24286	130407	\N
2620	24289	401	\N
2626	24291	1302	\N
2627	24292	60203	\N
2628	23491	40101	\N
2629	23978	20111	\N
2657	24294	604	\N
2658	24294	605	\N
2659	24296	50602	\N
2663	24303	10201	\N
2664	24303	10301	\N
2665	24303	10309	\N
2666	24303	10306	\N
2667	24303	10304	\N
2668	24306	503	\N
2669	24306	505	\N
2670	24306	506	\N
2678	24312	505	\N
2679	24312	506	\N
2680	24312	504	\N
2681	24313	505	\N
2682	24313	506	\N
2683	24313	504	\N
2684	24314	505	\N
2685	24314	506	\N
2686	24314	504	\N
2687	24315	505	\N
2688	24315	506	\N
2689	24316	502	\N
2690	24316	506	\N
2691	24317	503	\N
2692	24318	50102	\N
2693	24318	50304	\N
2694	24318	50602	\N
2695	24318	50603	\N
2697	24322	50502	\N
2699	24327	201	\N
2700	24327	301	\N
2701	24327	505	\N
2702	24327	50603	\N
2703	24327	80109	\N
2704	24327	802	\N
2705	24328	30109	\N
2706	24329	60102	\N
2708	24332	100104	\N
2710	24336	120108	\N
2711	24317	506	\N
2712	24337	110106	\N
2713	24338	60602	\N
2714	24341	20111	\N
2715	24342	20108	\N
2716	24343	20101	\N
2717	24344	30104	\N
2719	24346	60602	\N
2720	24348	20305	\N
2721	24348	20307	\N
2722	24348	20304	\N
2723	24348	20302	\N
2724	24349	20305	\N
2725	24350	130103	\N
2726	24351	40618	\N
2727	24352	406	\N
2728	24353	30109	\N
2729	24354	40607	\N
2730	24355	30103	\N
2731	24356	10303	\N
2733	24452	1101	\N
2734	24359	601	\N
2735	24360	30102	\N
2736	24361	9	\N
2737	24361	30104	\N
2738	24361	30108	\N
2739	24361	30109	\N
2740	24361	30101	\N
2741	23514	3	\N
2742	24362	30101	\N
2743	24363	30109	\N
2744	24366	110104	\N
2745	24368	130401	\N
2747	24373	60504	\N
2748	24376	90402	\N
2749	24376	90405	\N
2750	24376	90403	\N
2751	24378	1302	\N
2752	24378	1301	\N
2753	24378	1304	\N
2754	24381	10105	\N
2755	24381	30109	\N
2756	24381	401	\N
2757	24383	20201	\N
2758	24383	20202	\N
2759	24383	20205	\N
2760	24386	6	\N
2761	24386	702	\N
2762	24386	801	\N
2763	24387	20102	\N
2764	24387	20105	\N
2765	24387	20104	\N
2766	24387	20101	\N
2767	24387	20110	\N
2768	24387	20103	\N
2769	24387	20106	\N
2770	24387	20401	\N
2771	24387	20402	\N
2772	24387	20403	\N
2773	24387	20301	\N
2774	24387	203	\N
2775	24388	2	\N
2776	24388	5	\N
2777	24388	8	\N
2778	24388	12	\N
2779	24388	13	\N
2780	24389	401	\N
2781	24390	606	\N
2782	24390	602	\N
2783	24390	603	\N
2784	24390	605	\N
2785	24393	2	\N
2786	24393	605	\N
2787	24393	80105	\N
2788	24393	110203	\N
2789	24348	110604	\N
2790	24348	110603	\N
2791	24397	60602	\N
2798	24399	20101	\N
2799	24401	20109	\N
2800	24401	20104	\N
2801	24402	6	\N
2802	24404	100101	\N
2803	24404	100108	\N
2804	24404	100104	\N
2805	24406	20108	\N
2806	24407	100202	\N
2807	24407	1002	\N
2808	24407	100302	\N
2809	24407	100304	\N
2810	24407	100401	\N
2811	24407	100406	\N
2813	24411	701	\N
2814	24411	703	\N
2815	24409	120105	\N
2816	24409	80109	\N
2817	24409	50706	\N
2818	24409	50304	\N
2819	24409	30603	\N
2820	24409	30607	\N
2821	24410	20108	\N
2822	24411	705	\N
2823	24413	1001	\N
2824	24414	100101	\N
2826	24411	702	\N
2827	24411	606	\N
2828	24411	203	\N
2829	24411	201	\N
2830	24389	1304	\N
2831	24418	2	\N
2832	24418	1	\N
2833	24418	3	\N
2834	24418	4	\N
2835	24418	5	\N
2836	24418	6	\N
2837	24418	7	\N
2838	24418	9	\N
2839	24418	8	\N
2840	24418	11	\N
2841	24418	10	\N
2842	24418	12	\N
2843	24418	13	\N
2844	23548	501	\N
2845	23548	502	\N
2846	23548	503	\N
2847	23548	504	\N
2848	24419	7	\N
2849	24419	5	\N
2850	24419	3	\N
2851	24421	10105	\N
2852	24421	10401	\N
2853	24421	50503	\N
2854	24421	60503	\N
2855	24421	902	\N
2856	24422	60602	\N
2857	24424	10104	\N
2858	24424	40618	\N
2859	24425	406	\N
2860	24426	4	\N
2861	24426	7	\N
2862	24426	801	\N
2863	24426	803	\N
2864	24429	1	\N
2865	24429	4	\N
2866	24429	7	\N
2867	24429	9	\N
2868	24430	101	\N
2869	24430	6	\N
2870	23857	702	\N
2871	23857	1001	\N
2872	23857	1304	\N
2873	24431	802	\N
2874	24434	406	\N
2875	24434	1101	\N
2876	24435	6	\N
2877	24438	6	\N
2878	24439	201	\N
2879	24439	301	\N
2880	24439	406	\N
2881	24439	802	\N
2882	24439	1101	\N
2883	24441	201	\N
2884	24441	301	\N
2885	24441	406	\N
2886	24441	702	\N
2887	24441	802	\N
2888	24441	1101	\N
2889	24441	1304	\N
2890	24447	11	\N
2891	24447	12	\N
2893	24449	6	\N
2894	24450	90102	\N
2895	24451	903	\N
2896	24451	902	\N
2897	24451	904	\N
2898	24246	902	\N
2899	24246	901	\N
2900	24246	904	\N
2901	24246	905	\N
2902	24452	1001	\N
2903	24452	802	\N
2904	24452	901	\N
2905	24452	702	\N
2906	24452	6	\N
2907	24452	505	\N
2908	24452	401	\N
2909	24452	301	\N
2910	24452	101	\N
2911	24452	201	\N
2912	24257	905	\N
2913	24359	602	\N
2914	24359	605	\N
2915	24359	606	\N
2916	24389	605	\N
2917	24517	80306	\N
2918	24390	601	\N
2919	24348	110302	\N
2920	24361	30403	\N
2921	24361	1105	\N
2922	24454	901	\N
2923	24462	80306	\N
2924	24740	1201	\N
2925	24740	1202	\N
2930	23869	13	\N
2931	23869	1004	\N
2932	23869	1003	\N
2933	23869	1002	\N
2934	24466	4	\N
2935	24466	705	\N
2936	24466	703	\N
2937	24466	801	\N
2938	24466	803	\N
2939	24467	403	\N
2940	24467	401	\N
2941	24468	605	\N
2942	24470	80306	\N
2943	24471	80306	\N
2944	24472	702	\N
2945	24472	705	\N
2946	24472	703	\N
2947	24472	701	\N
2948	24472	801	\N
2949	24472	803	\N
2950	24473	7	\N
2959	24475	606	\N
2960	24475	605	\N
2961	24475	603	\N
2962	24475	602	\N
2963	24475	601	\N
2964	24475	704	\N
2965	24475	702	\N
2966	24475	705	\N
2967	24475	703	\N
2968	24475	701	\N
2969	24424	50502	\N
2970	24424	130103	\N
2971	24383	80302	\N
2972	24383	80301	\N
2973	24383	80304	\N
2974	24383	110201	\N
2975	24383	110203	\N
2976	24383	110202	\N
2977	23869	11	\N
2978	23869	901	\N
2979	23869	903	\N
2980	23869	705	\N
2981	23869	704	\N
2982	23869	503	\N
2983	24479	1002	\N
2984	24480	20109	\N
2985	24480	203	\N
2986	24480	10	\N
2987	24480	1	\N
2988	23869	502	\N
2989	24315	504	\N
2990	23869	40404	\N
2991	23869	40107	\N
2992	23869	40206	\N
2993	24483	10101	\N
2994	24495	504	\N
2995	24484	10101	\N
2996	24484	102	\N
2997	24484	104	\N
2999	24486	10104	\N
3000	24487	1	\N
3001	24488	100101	\N
3002	23869	40207	\N
3003	23869	306	\N
3004	24490	5	\N
3005	24733	701	\N
3006	24492	50603	\N
3007	24493	50102	\N
3008	24493	50304	\N
3009	24493	50503	\N
3010	24493	50603	\N
3011	24493	50602	\N
3012	24493	50401	\N
3014	24495	501	\N
3015	24495	502	\N
3016	24495	503	\N
3017	24495	505	\N
3018	24495	506	\N
3019	24496	5	\N
3020	24497	503	\N
3021	24497	507	\N
3022	24497	505	\N
3023	24498	505	\N
3024	24498	506	\N
3025	24498	504	\N
3026	24499	504	\N
3027	24499	506	\N
3028	24733	703	\N
3029	24733	702	\N
3030	24503	100101	\N
3038	24499	505	\N
3039	24507	104	\N
3040	24507	101	\N
3042	24509	80201	\N
3043	24510	70203	\N
3044	24510	705	\N
3045	24510	703	\N
3046	24510	701	\N
3048	24512	10	\N
3049	24733	603	\N
3050	24515	50503	\N
3051	24515	10105	\N
3052	24515	10401	\N
3053	24733	605	\N
3054	24733	104	\N
3055	24731	903	\N
3056	24515	60503	\N
3057	24515	902	\N
3062	24729	12	\N
3063	24728	12	\N
3064	24727	12	\N
3065	24001	1104	\N
3068	24520	6	\N
3069	24521	20101	\N
3070	24521	10105	\N
3071	24521	104	\N
3072	24521	30101	\N
3073	24521	401	\N
3074	24521	405	\N
3075	24521	606	\N
3076	24521	70512	\N
3077	24521	90101	\N
3078	24521	90106	\N
3079	24521	100406	\N
3080	24521	120301	\N
3081	24521	130501	\N
3085	24523	20108	\N
3086	24726	120105	\N
3087	24348	110101	\N
3088	24348	110505	\N
3089	24197	506	\N
3090	24197	505	\N
3091	24197	503	\N
3092	24197	601	\N
3093	24197	1202	\N
3094	24197	1203	\N
3095	24197	1201	\N
3096	24197	1204	\N
3097	24361	1001	\N
3098	24726	120204	\N
3100	24724	1201	\N
3101	23978	20102	\N
3102	23978	20108	\N
3103	23978	20103	\N
3104	23978	20401	\N
3105	23978	20402	\N
3106	23978	20403	\N
3107	23978	20301	\N
3108	23978	1	\N
3109	23978	503	\N
3110	23978	505	\N
3111	23978	6	\N
3112	23978	7	\N
3113	23978	1305	\N
3114	23978	1302	\N
3115	23978	1303	\N
3116	23978	1304	\N
3117	24530	10105	\N
3118	24530	10401	\N
3119	24530	50503	\N
3120	24530	60503	\N
3121	24530	902	\N
3122	24530	1202	\N
3123	24723	1201	\N
3124	24721	12	\N
3125	24720	201	\N
3126	24533	100105	\N
3127	24533	100102	\N
3128	24533	100101	\N
3129	24719	201	\N
3130	24718	201	\N
3131	24717	201	\N
3132	24535	12	\N
3134	24537	12	\N
3135	24538	12	\N
3136	24539	120205	\N
3137	24539	120302	\N
3138	24539	120402	\N
3139	24539	120401	\N
3140	24540	12	\N
3141	24541	12	\N
3142	24715	201	\N
3143	24543	120204	\N
3144	24544	12	\N
3145	24714	201	\N
3099	24725	10304	\N
3058	24730	6	\N
3147	24547	120103	\N
3148	24548	12	\N
3150	24713	20111	\N
3151	24713	20102	\N
3152	24711	201	\N
3153	24712	201	\N
3154	24554	120101	\N
3155	24554	120107	\N
3156	24555	120101	\N
3157	24556	12	\N
3158	24557	2	\N
3159	24557	1	\N
3160	24557	6	\N
3161	24557	8	\N
3162	24557	10	\N
3163	24558	2	\N
3164	24558	8	\N
3165	24558	10	\N
3166	24710	201	\N
3167	24560	606	\N
3168	24560	605	\N
3169	24560	603	\N
3170	24560	602	\N
3171	24560	601	\N
3172	24562	120101	\N
3173	24564	305	\N
3174	24564	603	\N
3175	24564	702	\N
3176	24564	802	\N
3177	24564	1001	\N
3178	23837	6	\N
3179	23603	10303	\N
3180	24565	20305	\N
3181	24565	201	\N
3182	24565	103	\N
3183	24565	30109	\N
3184	24565	30101	\N
3185	24565	30104	\N
3186	24565	30103	\N
3187	24565	40205	\N
3188	24565	40204	\N
3189	24565	40208	\N
3190	24565	40103	\N
3191	24565	50503	\N
3192	24565	50502	\N
3193	24565	803	\N
3194	24566	403	\N
3195	24566	406	\N
3196	24566	402	\N
3197	24566	401	\N
3198	24566	404	\N
3199	24567	2	\N
3200	24567	103	\N
3201	24709	20108	\N
3202	24708	20108	\N
3203	1141	3	\N
3204	24572	301	\N
3205	24572	30308	\N
3206	24572	30307	\N
3207	24572	30306	\N
3208	24572	30601	\N
3209	24573	30608	\N
3210	24573	30607	\N
3211	24707	20108	\N
3212	24574	301	\N
3214	24575	30101	\N
3215	24706	1	\N
3217	24578	3	\N
3218	24578	11	\N
3219	24578	13	\N
3220	24579	30103	\N
3221	24579	30204	\N
3222	24579	30501	\N
3223	24579	306	\N
3224	24581	3	\N
3225	24581	13	\N
3226	24583	2	\N
3227	24584	2	\N
3228	24585	2	\N
3229	24586	20101	\N
3230	24702	1203	\N
3231	24702	1202	\N
3232	24702	306	\N
3233	24696	8	\N
3234	24695	8	\N
3235	24694	80301	\N
3236	24694	80203	\N
3237	24694	80106	\N
3238	24589	3	\N
3239	24589	5	\N
3240	24589	8	\N
3241	24589	12	\N
3243	24694	80108	\N
3245	24693	80108	\N
3246	24693	80201	\N
3247	24600	110102	\N
3248	24601	11	\N
3249	23440	110104	\N
3250	23440	110106	\N
3251	23440	110103	\N
3252	24602	11	\N
3253	24603	2	\N
3255	24605	20111	\N
3256	24692	302	\N
3257	24607	20101	\N
3258	24607	20108	\N
3259	24607	20104	\N
3260	24608	20101	\N
3261	24582	20308	\N
3262	24609	40304	\N
3263	24610	40301	\N
3264	24610	406	\N
3265	24611	40610	\N
3266	24611	40616	\N
3267	24611	40603	\N
3268	24611	40601	\N
3269	24611	40607	\N
3270	24611	40602	\N
3271	24611	40614	\N
3272	24611	40618	\N
3273	24611	40613	\N
3283	24614	8	\N
3284	24615	50403	\N
3285	24615	504	\N
3286	24616	80303	\N
3287	24617	50708	\N
3294	24619	11	\N
3295	24620	20108	\N
3296	24621	30101	\N
3297	24622	90205	\N
3298	24623	2	\N
3299	24624	100105	\N
3301	24628	202	\N
3302	24628	802	\N
3303	24629	603	\N
3304	24629	605	\N
3305	24629	1301	\N
3306	24629	1304	\N
3307	24629	1305	\N
3308	24629	102	\N
3309	24629	101	\N
3310	24629	104	\N
3311	24629	1201	\N
3312	24629	12	\N
3313	24629	505	\N
3314	24629	506	\N
3315	24629	504	\N
3316	24629	703	\N
3317	24629	702	\N
3318	24630	3	\N
3319	24630	9	\N
3320	24630	11	\N
3321	24630	10	\N
3322	24630	13	\N
3323	24631	30607	\N
3324	24631	305	\N
3325	24631	50706	\N
3326	24631	50304	\N
3327	24631	80103	\N
3328	24631	1203	\N
3329	24631	1201	\N
3330	24631	130202	\N
3331	24632	2	\N
3332	24690	80109	\N
3333	24689	80109	\N
3334	24688	80109	\N
3335	24635	40618	\N
3336	24636	2	\N
3337	24637	606	\N
3338	24637	602	\N
3339	24639	20105	\N
3340	24639	20106	\N
3341	24639	20104	\N
3342	24639	10402	\N
3343	24639	10401	\N
3344	24645	100101	\N
3345	24646	20207	\N
3346	24647	30108	\N
3347	24648	10402	\N
3348	24649	10402	\N
3349	24649	10401	\N
3350	24650	120108	\N
3351	24652	20206	\N
3357	24653	402	\N
3358	24653	1002	\N
3359	24653	1003	\N
3360	24654	502	\N
3361	24654	503	\N
3362	24654	606	\N
3363	24654	705	\N
3364	24654	1002	\N
3365	24655	60503	\N
3367	24657	3	\N
3368	24657	5	\N
3369	24657	6	\N
3370	24657	7	\N
3371	24657	9	\N
3372	24657	8	\N
3373	24657	11	\N
3374	24657	10	\N
3375	24657	13	\N
3376	24661	604	\N
3377	24661	6	\N
3378	24661	12	\N
3379	24662	604	\N
3380	24662	12	\N
3381	24669	5	\N
3382	24669	9	\N
3383	24669	7	\N
3384	24670	605	\N
3385	24670	80101	\N
3386	24671	201	\N
3387	24671	203	\N
3388	24686	40103	\N
3389	24685	402	\N
3390	24685	406	\N
3391	24675	6	\N
3393	24678	30405	\N
3394	1283	801	\N
3395	24681	401	\N
3396	24681	507	\N
3397	24681	604	\N
3398	24682	605	\N
3399	23846	3	\N
3400	24683	80103	\N
3401	24683	80109	\N
3402	24683	80104	\N
3403	24683	80106	\N
3404	24683	80108	\N
3405	24683	80201	\N
3406	24683	20101	\N
3407	24683	20306	\N
3408	24683	20307	\N
3409	24683	20305	\N
3410	24683	20304	\N
3411	24683	20302	\N
3412	24683	20308	\N
3413	24683	20303	\N
3417	24204	6	\N
3421	23639	1201	\N
3424	24742	10	\N
3426	23548	90502	\N
3428	24749	6	
3430	24749	2	
3479	24762	6	\N
3435	24753	6	
3480	24762	5	\N
3481	24762	4	\N
3436	24235	4	
3440	24749	1	\N
3441	24749	5	\N
3442	24749	4	\N
3443	24749	301	\N
3444	24749	8	\N
3446	24749	702	\N
3445	24749	901	\N
3447	24755	5	\N
3448	24756	302	\N
3449	24756	802	\N
3450	24756	701	\N
3453	24759	702	\N
3454	24759	101	\N
3455	24760	10	\N
3456	24760	8	\N
3457	24760	301	\N
3458	24760	7	\N
3459	24760	6	\N
3418	24698	7	\N
1752	24698	5	\N
3460	24749	13	\N
3461	24749	12	\N
3462	24749	1001	\N
3463	24749	11	\N
3439	24754	5	\N
3464	24752	120107	\N
2065	24074	803	\N
3467	24761	4	\N
3468	24761	3	\N
3469	24761	1	\N
3465	24761	9	\N
3466	24761	5	\N
3470	24761	10	\N
3471	24761	11	\N
3472	24761	8	\N
3473	24761	7	\N
3474	24761	6	\N
3475	24761	2	\N
3476	24761	13	\N
3477	24761	12	\N
3482	24762	3	\N
3483	24762	2	\N
3484	24762	1	\N
3485	24762	13	\N
3486	24762	12	\N
3487	24762	10	\N
3488	24762	11	\N
3489	24762	8	\N
3490	24762	9	\N
3491	24762	7	\N
405	23384	7	\N
3493	23906	6	\N
3494	23906	4	\N
3495	23906	5	\N
3496	23906	1	\N
3497	23906	10	\N
3498	23906	13	\N
3499	23906	9	\N
3500	23906	12	\N
3501	23906	8	\N
3502	24764	1303	\N
3503	24764	1302	\N
3504	24574	304	\N
3505	24574	303	\N
3213	24574	302	\N
3507	24765	120303	\N
3509	24765	120301	\N
3506	24765	120205	\N
3510	24765	120103	\N
3512	24700	120204	\N
3513	24725	10303	\N
3514	24725	10309	\N
3515	24416	100205	\N
2825	24416	100104	\N
3516	24416	100103	\N
3521	24416	100102	\N
3520	24109	100205	\N
3524	24109	100102	\N
3526	24109	100104	\N
3527	24766	50603	\N
3528	23919	4	\N
3529	23919	1	\N
3530	23919	2	\N
3531	23919	6	\N
3532	23919	3	\N
3533	23919	7	\N
3534	23919	5	\N
3535	23919	12	\N
3536	23919	13	\N
3537	23919	10	\N
3538	23919	8	\N
3539	23919	9	\N
3540	23919	11	\N
1926	24043	6	\N
3541	24767	6	\N
3542	24768	6	\N
3543	24769	6	\N
3544	24770	6	\N
3545	24771	6	\N
3546	24772	6	\N
3547	24773	6	\N
3548	24774	6	\N
3549	24775	6	\N
3550	24776	6	\N
3551	24777	6	\N
3552	23929	6	\N
3553	23929	3	\N
3554	23929	4	\N
3555	23929	1	\N
3556	23929	7	\N
3557	23929	5	\N
3558	23929	12	\N
3559	23929	13	\N
3560	23929	10	\N
3561	23929	8	\N
3562	23929	11	\N
3563	23929	9	\N
3564	23930	9	\N
3565	23930	8	\N
3566	23930	7	\N
3567	23930	5	\N
3568	23930	4	\N
3569	23930	3	\N
3570	23930	1	\N
3571	23930	2	\N
3573	23930	6	\N
3574	23930	12	\N
3575	23930	13	\N
3576	23930	10	\N
3577	23930	11	\N
3579	23928	3	\N
3580	23928	6	\N
3582	23928	13	\N
3583	23928	4	\N
3584	23928	11	\N
3585	23928	1	\N
3586	23928	2	\N
3587	23928	12	\N
3588	23928	10	\N
3589	23928	9	\N
3590	23928	7	\N
3591	23928	5	\N
3592	23928	8	\N
3593	23914	12	\N
3594	23914	9	\N
3595	23914	13	\N
3596	23914	5	\N
3597	23914	10	\N
3598	23914	4	\N
3599	23914	11	\N
3600	23914	8	\N
3601	23914	7	\N
3620	24796	13	\N
3621	24797	6	\N
3622	24798	12	\N
3623	24799	1	\N
3624	24799	6	\N
3625	24800	3	\N
3626	24800	1	\N
3627	24800	2	\N
3628	24800	6	\N
3631	24801	1304	\N
3630	24801	305	\N
3629	24801	604	\N
3632	24802	7	\N
3634	24802	305	\N
3633	24802	406	Atabae
2630	24293	4	\N
3635	24293	9	Lautem
3637	24293	5	\N
3636	24293	10	\N
3638	24804	602	\N
3639	24804	601	\N
3640	24804	605	\N
3641	24804	606	\N
3642	24804	301	\N
3643	24804	1101	\N
3644	24805	1201	\N
3645	24173	1201	\N
3646	24806	7	\N
3647	24806	8	\N
3648	24806	3	\N
3649	24806	1	\N
3650	24806	2	\N
3651	24806	6	\N
3652	24807	7	\N
3653	24807	6	\N
3654	24810	13	\N
3655	24810	5	\N
3657	24811	9	\N
3656	24811	90405	\N
3658	24812	901	\N
3659	24815	12	\N
3660	24815	7	\N
3661	24815	8	\N
3662	24815	5	\N
3663	24815	3	\N
3664	24814	10	\N
3665	24814	6	\N
3666	24814	5	\N
3667	24813	12	\N
3668	24813	5	\N
3669	24813	6	\N
3670	24133	6	\N
3671	24816	2	\N
3672	24817	5	\N
3673	24817	10	\N
3674	24817	13	\N
3675	24818	803	\N
3677	24820	4	\N
3678	24821	6	\N
3679	24821	4	\N
3680	24821	3	\N
3681	24821	1	\N
3682	24821	2	\N
3683	24821	9	\N
3684	24821	7	\N
3685	24821	5	\N
3686	24821	10	\N
3687	24821	11	\N
3688	24821	8	\N
3692	24821	13	\N
3693	24821	12	\N
3694	24822	11	\N
3695	24822	7	\N
3696	24822	6	\N
3697	24823	12	\N
3698	24823	6	\N
3699	24824	12	\N
3700	24824	5	\N
3701	24116	7	\N
3702	24116	8	\N
3705	24826	11	\N
3703	24825	2	\N
3706	24827	6	\N
3707	24828	12	\N
3708	24829	2	\N
3709	24829	6	\N
3710	24829	1	\N
3711	24829	5	\N
3712	24829	4	\N
3713	24829	3	\N
3714	24829	7	\N
3715	24829	12	\N
3716	24829	13	\N
3717	24829	10	\N
3718	24829	11	\N
3719	24829	8	\N
3720	24829	9	\N
3723	23630	10	\N
3724	23630	8	\N
3725	24831	601	\N
3726	24832	505	\N
3727	24832	606	\N
3728	23712	6	\N
3729	23712	1	\N
3730	23712	2	\N
3731	23712	5	\N
3732	23712	7	\N
3733	23712	4	\N
3734	23712	3	\N
3739	23712	8	\N
3740	23712	9	\N
3741	23712	12	\N
3742	23712	13	\N
3743	23712	10	\N
3744	23908	7	\N
3746	23908	8	\N
3747	23908	2	\N
3748	23908	6	\N
3749	23908	3	\N
3750	23908	4	\N
3751	23909	4	\N
3752	23909	7	\N
3753	23909	2	\N
3754	23909	6	\N
3755	23910	8	\N
3756	23910	7	\N
3757	23910	2	\N
3758	23910	6	\N
3760	24833	7	\N
3761	24833	2	\N
3762	24833	8	\N
3763	24834	6	\N
3764	24835	6	\N
3765	24836	103	\N
3766	24837	801	\N
3767	24838	6	\N
3768	24839	5	\N
3769	24840	6	\N
3770	24842	6	\N
3771	24843	2	\N
3772	24844	2	\N
3773	24845	801	\N
3774	24846	6	\N
3776	24849	13	\N
3777	24850	505	\N
3778	24851	60504	\N
3779	24852	60302	\N
3780	24853	60302	\N
3781	24769	5	\N
3782	24769	4	\N
3783	24045	8	\N
3784	24045	4	\N
3787	24045	5	\N
3789	23618	9	\N
3790	23618	8	\N
3791	23618	4	\N
3792	23618	3	\N
3793	23618	2	\N
3797	24854	7	\N
3798	24855	1203	\N
3799	24855	305	\N
3800	24855	505	\N
3801	24856	11	\N
3802	24856	8	\N
3803	24856	9	\N
3804	24856	7	\N
3805	24856	5	\N
3808	24856	4	\N
3809	24856	3	\N
3810	24856	1	\N
3811	24856	2	\N
3812	24856	6	\N
3813	24856	13	\N
3815	24856	12	\N
3816	24856	10	\N
3820	24857	505	\N
3821	24858	601	\N
3822	24860	5	\N
3823	24860	4	\N
3824	24860	3	\N
3825	24860	1	\N
3826	24860	2	\N
3827	24859	6	\N
3828	24861	6	\N
3829	24862	60503	\N
3833	24863	7	\N
3831	24863	11	\N
3832	24863	10	\N
3830	24863	3	\N
3834	24864	12	\N
3835	24864	6	\N
3836	24864	3	\N
3837	24864	10	\N
3838	24864	4	\N
3839	24865	8	\N
3840	24865	6	\N
3841	24865	2	\N
3842	24866	2	\N
3843	24866	1	\N
3844	24866	8	\N
3845	24865	4	\N
3846	24865	7	\N
3847	24866	10	\N
3848	24866	11	\N
3849	24866	4	\N
3850	24866	6	\N
3851	24866	3	\N
3853	24868	4	\N
3854	24868	2	\N
3855	24868	3	\N
3856	24868	11	\N
3857	24868	8	\N
3858	24869	3	\N
3859	24869	7	\N
3860	24869	8	\N
3861	24869	12	\N
3862	24869	5	\N
3863	24870	7	\N
3864	24870	4	\N
3865	24870	9	\N
3866	24870	3	\N
3867	24870	11	\N
3868	24871	11	\N
3869	24871	1	\N
3870	24871	2	\N
3871	24871	8	\N
3873	24871	6	\N
3874	24871	7	\N
3877	24872	4	\N
3878	24872	2	\N
3879	24872	6	\N
3881	24872	1	\N
3885	24873	301	\N
3887	24874	1	\N
3888	24874	8	\N
3889	24874	6	\N
3890	24874	7	\N
3891	24874	4	\N
3892	24874	3	\N
3895	24874	10	\N
3898	24874	9	\N
3900	24874	12	\N
3901	24874	13	\N
3902	24874	11	\N
3903	24874	5	\N
3904	24874	2	\N
3907	24875	12	\N
3908	24875	6	\N
3909	24736	13	\N
3910	24736	10	\N
3911	24736	8	\N
3912	24736	5	\N
3913	24736	6	\N
3914	24876	4	\N
3915	24876	3	\N
3916	24876	5	\N
3917	24876	11	\N
3918	24876	1	\N
3919	24876	2	\N
3920	24876	7	\N
3921	24876	8	\N
3922	24876	6	\N
3923	24876	13	\N
3924	24876	10	\N
3925	24876	9	\N
3926	24876	12	\N
3931	24877	1305	\N
3932	24879	5	\N
3933	24879	7	\N
3745	23908	10	\N
3759	24833	601	\N
3934	24879	4	\N
3935	24879	3	\N
3936	24879	1	\N
3937	24879	2	\N
3938	24879	6	\N
3939	24879	10	\N
3940	24879	11	\N
3941	24879	8	\N
3942	24879	13	\N
3943	24879	9	\N
3944	24879	12	\N
3945	24880	8	\N
3946	24880	7	\N
3947	24880	3	\N
3948	24880	10	\N
3949	23584	6	\N
3950	24882	6	\N
3951	24882	10	\N
3952	24882	4	\N
3953	24882	1	\N
3954	24882	2	\N
3955	24882	8	\N
3956	24882	5	\N
3957	24882	7	\N
3958	24882	9	\N
3959	24882	11	\N
3960	24882	3	\N
3961	24882	12	\N
3962	24882	13	\N
3963	24883	8	\N
3964	24883	10	\N
3965	24883	4	\N
3966	24883	12	\N
3967	24883	6	\N
3968	24883	3	\N
3969	24883	13	\N
3970	24883	7	\N
3971	24883	5	\N
3972	24883	2	\N
3973	24883	1	\N
3974	24883	9	\N
3975	24884	3	\N
3976	24884	2	\N
3977	24884	11	\N
3978	24884	8	\N
3979	24884	4	\N
3980	23727	12	\N
3981	23727	7	\N
3982	23727	6	\N
3983	23727	5	\N
3984	23727	1	\N
3985	24886	6	\N
3986	24886	1	\N
3987	24886	7	\N
3988	24886	2	\N
3989	24886	8	\N
3990	24886	11	\N
3991	24886	10	\N
3992	24886	5	\N
3993	24886	4	\N
3994	24886	12	\N
3995	24886	13	\N
3996	24886	9	\N
3997	24886	3	\N
3998	24445	8	\N
3999	24445	2	\N
4000	24445	6	\N
4001	24445	4	\N
4002	24445	5	\N
4003	24445	3	\N
4004	24445	1	\N
4005	24445	7	\N
4007	24445	9	\N
4008	24445	11	\N
4009	24445	10	\N
4010	24445	13	\N
4011	23728	9	\N
4012	23728	13	\N
4013	23728	3	\N
4014	23728	11	\N
4015	23728	5	\N
4016	23728	4	\N
4017	23728	7	\N
4018	23728	10	\N
4019	23728	8	\N
4020	24445	12	\N
4021	23728	12	\N
4022	24595	13	\N
4023	24595	10	\N
4024	24595	11	\N
4025	24595	8	\N
4026	24595	9	\N
4027	24595	7	\N
4028	24595	5	\N
4029	24595	3	\N
4030	24595	1	\N
4031	24595	2	\N
4032	24595	6	\N
4033	24595	12	\N
4034	24887	2	\N
4035	24887	6	\N
4036	24887	5	\N
4037	24887	4	\N
4038	24887	3	\N
4039	24887	1	\N
4042	24887	13	\N
4043	24887	10	\N
4044	24887	11	\N
4045	24887	9	\N
4046	24887	8	\N
4047	24887	7	\N
4048	24887	12	\N
4049	24888	6	\N
4050	24889	8	\N
4051	24889	9	\N
4052	24889	7	\N
4053	24889	5	\N
4054	24889	4	\N
4055	24889	11	\N
4056	24889	3	\N
4057	24889	1	\N
4058	24889	2	\N
4059	24889	6	\N
4060	24889	12	\N
4061	24889	13	\N
4062	24889	10	\N
4063	24890	4	\N
4064	24890	3	\N
4065	24890	1	\N
4066	24890	2	\N
4067	24890	6	\N
4068	24890	9	\N
4069	24890	8	\N
4070	24890	7	\N
4072	24890	5	\N
4073	24890	12	\N
4074	24890	13	\N
4075	24890	10	\N
4076	24890	11	\N
4079	24891	8	\N
4080	24891	605	\N
4081	24891	3	\N
4082	24892	9	\N
4083	23725	301	\N
4084	23725	103	\N
4085	23725	10401	\N
4086	23725	201	\N
4087	23725	406	\N
4088	23725	40101	\N
4089	23725	603	\N
4090	23725	606	\N
4091	23725	605	\N
4092	23725	602	\N
4093	23725	601	\N
4094	23725	505	\N
4095	23725	702	\N
4097	23725	120108	\N
4098	23725	120104	\N
4099	23725	13	\N
4100	23725	120103	\N
4101	23725	10	\N
4102	23725	110104	\N
4103	23725	110201	\N
4104	23725	802	\N
4105	23725	903	\N
4106	23725	120106	\N
4107	23725	120401	\N
4108	23725	120301	\N
4109	23725	120205	\N
4110	23725	120204	\N
4111	23725	120202	\N
4112	23725	120203	\N
4113	24867	1202	\N
4114	24867	1203	\N
4115	24867	1201	\N
3852	24867	1204	\N
4116	24027	13	\N
4117	24027	10	\N
4118	24027	9	\N
4119	24027	8	\N
4120	24027	7	\N
4121	24027	5	\N
4122	24027	4	\N
4123	24027	3	\N
4124	24027	1	\N
4125	24027	2	\N
4126	24027	12	\N
4127	24027	11	\N
4128	23859	1	\N
4129	23859	2	\N
4130	23859	6	\N
4131	23859	11	\N
4132	23859	9	\N
4133	23859	8	\N
4134	23859	7	\N
4135	23859	5	\N
4136	23859	3	\N
4137	23859	4	\N
4138	23859	12	\N
4139	23859	13	\N
4140	23859	10	\N
4141	24893	11	\N
4142	24893	8	\N
4143	24893	3	\N
4144	24893	6	\N
4145	24893	1	\N
4146	24894	6	\N
4147	24894	11	\N
4148	24894	10	\N
4149	24894	8	\N
4150	24894	7	\N
4151	24894	5	\N
4152	24894	4	\N
4153	24894	3	\N
4154	24894	1	\N
4155	24894	2	\N
4156	24894	9	\N
4157	24894	13	\N
4158	24894	12	\N
4159	24895	11	\N
4160	24895	7	\N
4161	24895	8	\N
4162	24895	10	\N
4163	24895	5	\N
4164	24895	4	\N
4165	24895	1	\N
4166	24895	2	\N
4167	24895	6	\N
4168	24895	13	\N
4169	24895	3	\N
4170	24895	12	\N
4171	24895	9	\N
4172	24896	606	\N
4173	24897	406	\N
4174	24897	101	\N
4175	24897	802	\N
4176	24897	702	\N
4177	24898	3	\N
4178	24898	11	\N
4179	24898	5	\N
4180	24898	7	\N
4181	24898	8	\N
4182	24898	4	\N
4183	24898	1	\N
4184	24898	2	\N
4185	24898	6	\N
4186	24898	10	\N
4187	24898	12	\N
4188	24898	9	\N
4189	24898	13	\N
4190	24899	802	\N
4191	24899	505	\N
4192	24899	406	\N
4193	24899	3	\N
4194	24899	101	\N
4195	24899	201	\N
4196	24900	4	\N
4197	24900	5	\N
4198	24900	1	\N
4199	24900	2	\N
4200	24900	11	\N
4201	24900	8	\N
4202	24900	7	\N
4203	24900	10	\N
4204	24900	6	\N
4205	24900	13	\N
4206	24900	3	\N
4207	24900	12	\N
4208	24900	9	\N
4209	24901	12	\N
4210	24901	3	\N
4211	24901	7	\N
4212	24901	5	\N
4213	24901	4	\N
4214	24901	6	\N
4215	24902	11	\N
4216	24902	10	\N
4217	24902	5	\N
4218	24902	4	\N
4219	24902	8	\N
4220	24902	7	\N
4221	24902	1	\N
4222	24902	2	\N
4223	24902	6	\N
4224	24902	12	\N
4225	24902	3	\N
4226	24902	9	\N
4230	24903	6	\N
4231	24903	8	\N
4232	24903	1	\N
4233	24903	2	\N
4234	24903	10	\N
4235	24881	8	\N
4236	24881	7	\N
4237	24881	10	\N
4238	24881	5	\N
4239	24881	4	\N
4240	24881	1	\N
4241	24881	2	\N
4242	24881	6	\N
4243	24881	9	\N
4244	24881	3	\N
4245	24881	11	\N
4247	24881	13	\N
4248	24881	12	\N
4251	24904	406	\N
4252	24905	7	\N
4253	24905	8	\N
4254	24905	5	\N
4255	24905	4	\N
4256	24905	10	\N
4257	24905	1	\N
4258	24905	2	\N
4259	24905	6	\N
4260	24905	13	\N
4261	24905	3	\N
4262	24905	11	\N
4263	24905	9	\N
4264	24905	12	\N
4265	24906	3	\N
4266	24906	11	\N
4267	24906	10	\N
4268	24906	5	\N
4269	24906	8	\N
4270	24906	4	\N
4271	24906	7	\N
4273	24906	1	\N
4274	24906	2	\N
4275	24906	6	\N
4276	24906	12	\N
4277	24906	9	\N
4278	24906	13	\N
4290	24598	1	\N
4291	24598	2	\N
4292	24443	6	\N
4293	24598	6	\N
4294	24598	12	\N
4295	24598	9	\N
4296	24598	13	\N
4297	24598	3	\N
4298	24598	11	\N
4299	24598	5	\N
4300	24598	4	\N
4301	24598	8	\N
4302	24598	10	\N
4304	24443	5	\N
4305	24443	10	\N
4306	24443	1	\N
4307	24598	7	\N
4308	24443	2	\N
4310	24443	7	\N
4311	24443	4	\N
4313	24443	13	\N
4314	24443	11	\N
4315	24443	8	\N
4318	24443	12	\N
4319	24443	9	\N
4320	24443	3	\N
4325	24907	7	\N
4326	24907	5	\N
4327	24907	4	\N
4328	24907	1	\N
4330	24907	2	\N
4331	24907	6	\N
4333	24907	8	\N
4335	24907	12	\N
4336	24907	9	\N
4337	24907	13	\N
4338	24907	3	\N
4339	24907	11	\N
4342	24908	10	\N
4343	24908	1	\N
4344	24908	2	\N
4345	24908	6	\N
4346	24908	12	\N
4347	24908	9	\N
4348	24908	3	\N
4349	24908	13	\N
4350	24908	11	\N
4351	24908	8	\N
4352	24908	7	\N
4353	24908	5	\N
4354	24908	4	\N
4355	24909	11	\N
4356	24909	13	\N
4357	24909	10	\N
4358	24909	8	\N
4359	24909	7	\N
4360	24909	5	\N
4361	24909	4	\N
4362	24909	1	\N
4363	24909	2	\N
4364	24909	6	\N
4365	24909	12	\N
4366	24909	9	\N
4367	24909	3	\N
4368	24910	4	\N
4369	24910	5	\N
4370	24910	2	\N
4371	24910	1	\N
4372	24910	6	\N
4373	24910	12	\N
4374	24910	9	\N
4375	24910	3	\N
4376	24910	13	\N
4377	24910	11	\N
4378	24910	10	\N
4379	24910	8	\N
4380	24910	7	\N
4381	24911	12	\N
4382	24911	9	\N
4383	24911	13	\N
4384	24911	3	\N
4385	24911	11	\N
4386	24911	8	\N
4387	24911	7	\N
4388	24911	4	\N
4389	24911	5	\N
4390	24911	10	\N
4391	24911	1	\N
4392	24911	2	\N
4393	24911	6	\N
4394	24912	4	\N
4395	24912	5	\N
4396	24912	1	\N
4397	24912	2	\N
4398	24912	6	\N
4399	24912	11	\N
4400	24912	7	\N
4401	24912	9	\N
4402	24912	3	\N
4403	24912	13	\N
4404	24912	8	\N
4405	24912	12	\N
4406	24913	301	\N
4407	24914	12	\N
4408	24914	9	\N
4409	24914	13	\N
4410	24914	3	\N
4411	24914	11	\N
4412	24914	8	\N
4413	24914	7	\N
4414	24914	5	\N
4415	24914	4	\N
4416	24914	10	\N
4417	24914	1	\N
4418	24914	2	\N
4419	24914	6	\N
4420	24915	9	\N
4421	24915	1304	\N
4422	24915	801	\N
4423	24444	5	\N
4424	24444	10	\N
4425	24444	2	\N
4426	24444	6	\N
4427	24444	1	\N
4428	24444	11	\N
4429	24444	8	\N
4430	24444	7	\N
4432	24444	4	\N
4433	24444	13	\N
4435	24444	12	\N
4436	24444	3	\N
4437	24444	9	\N
4438	24916	1	\N
4439	24916	2	\N
4440	24916	6	\N
4441	24916	5	\N
4442	24916	10	\N
4443	24916	3	\N
4444	24916	11	\N
4445	24916	13	\N
4446	24916	8	\N
4447	24916	7	\N
4448	24916	4	\N
4449	24916	12	\N
4450	24916	9	\N
4451	24917	7	\N
4452	24917	4	\N
4453	24917	5	\N
4454	24917	10	\N
4455	24917	1	\N
4456	24917	6	\N
4457	24917	13	\N
4458	24917	11	\N
4459	24917	8	\N
4461	24917	2	\N
4462	24917	12	\N
4463	24917	9	\N
4464	24917	3	\N
4466	24918	403	\N
4467	24918	404	\N
4468	24918	301	\N
4469	24918	6	\N
4470	24918	2	\N
4471	24918	9	\N
4472	24918	80102	\N
4473	24919	12	\N
4474	24919	9	\N
4475	24919	13	\N
4476	24919	11	\N
4477	24919	8	\N
4478	24919	7	\N
4479	24919	5	\N
4481	24919	10	\N
4482	24919	4	\N
4483	24919	1	\N
4484	24919	2	\N
4485	24919	6	\N
4486	24919	3	\N
4488	24442	5	\N
4489	24442	1	\N
4490	24442	2	\N
4491	24442	6	\N
4493	24442	13	\N
4494	24442	7	\N
4495	24442	4	\N
4497	24442	12	\N
4498	24442	9	\N
4499	24442	3	\N
4502	24920	705	\N
4503	24921	11	\N
4504	24921	3	\N
4505	24921	8	\N
4506	24921	601	\N
4507	24921	1	\N
4509	24922	1	\N
4510	24922	6	\N
4511	24923	9	\N
4512	24923	3	\N
4513	24923	13	\N
4514	24923	11	\N
4515	24923	7	\N
4516	24923	5	\N
4517	24923	4	\N
4518	24923	10	\N
4519	24923	1	\N
4520	24923	2	\N
4521	24923	6	\N
4522	24923	12	\N
4523	24923	8	\N
4524	24924	8	\N
4525	24924	6	\N
4526	24924	11	\N
4527	24924	13	\N
4529	24924	7	\N
4530	24924	4	\N
4531	24924	5	\N
4532	24924	10	\N
4533	24924	2	\N
4534	24924	1	\N
4535	24924	9	\N
4536	24924	3	\N
4538	24924	12	\N
4539	24925	2	\N
4540	24925	7	\N
4541	24925	4	\N
4542	24925	5	\N
4543	24925	10	\N
4544	24925	1	\N
4546	24925	6	\N
4548	24925	12	\N
4549	24925	9	\N
4550	24925	13	\N
4551	24925	11	\N
4552	24925	3	\N
4553	24925	8	\N
4554	24926	3	\N
4555	24926	13	\N
4556	24926	11	\N
4557	24926	8	\N
4558	24926	7	\N
4559	24926	4	\N
4560	24926	5	\N
4561	24926	10	\N
4562	24926	1	\N
4563	24926	2	\N
4564	24926	6	\N
4566	24926	9	\N
4565	24926	12	\N
4568	24927	301	\N
4569	24927	1101	\N
4570	24927	601	\N
4571	24927	5	\N
4572	24927	12	\N
4573	24927	802	\N
4574	24927	201	\N
4575	24927	401	\N
4576	24928	11	\N
4577	24928	8	\N
4578	24928	6	\N
4579	24928	7	\N
4580	24928	401	\N
4581	24928	301	\N
4582	24928	1	\N
4583	24928	201	\N
4584	24929	11	\N
4585	24929	702	\N
4586	24929	1	\N
4587	24929	2	\N
4588	24929	605	\N
4589	24929	3	\N
4590	24929	10	\N
4591	24929	5	\N
4592	24929	8	\N
4593	23925	12	\N
4594	23925	9	\N
4595	23925	13	\N
4596	23925	3	\N
4597	23925	11	\N
4598	23925	8	\N
4599	23925	7	\N
4600	23925	4	\N
4601	23925	5	\N
4602	23925	10	\N
4603	23925	1	\N
4604	23925	2	\N
4605	24930	6	\N
4606	24932	12	\N
4607	24932	9	\N
4608	24932	3	\N
4609	24932	13	\N
4610	24932	11	\N
4611	24932	8	\N
4612	24932	7	\N
4613	24932	4	\N
4614	24932	5	\N
4615	24932	10	\N
4616	24932	1	\N
4617	24932	2	\N
4618	24932	6	\N
4619	24933	4	\N
4620	24933	5	\N
4621	24933	10	\N
4622	24933	1	\N
4623	24933	2	\N
4624	24933	6	\N
4625	24933	12	\N
4626	24933	9	\N
4627	24933	3	\N
4628	24933	13	\N
4629	24933	11	\N
4630	24933	8	\N
4631	24933	7	\N
4632	24934	9	\N
4633	24934	3	\N
4634	24934	8	\N
4635	24934	5	\N
4636	24934	6	\N
4637	24935	7	\N
4638	24935	4	\N
4639	24935	5	\N
4640	24935	10	\N
4641	24935	1	\N
4642	24935	2	\N
4643	24935	8	\N
4644	24935	6	\N
4645	24935	12	\N
4646	24935	9	\N
4647	24935	3	\N
4648	24935	13	\N
4649	24935	11	\N
4650	23908	1	\N
4651	23908	12	\N
4652	24936	8	\N
4653	24936	7	\N
4654	24936	5	\N
4655	24936	4	\N
4656	24936	11	\N
4657	24936	1	\N
4658	24936	6	\N
4659	24936	10	\N
4660	24936	2	\N
4661	24936	12	\N
4662	24936	9	\N
4663	24936	13	\N
4664	24936	3	\N
4665	24937	601	\N
4666	24938	601	\N
4667	24939	12	\N
4668	24939	9	\N
4669	24939	3	\N
4670	24939	11	\N
4671	24939	13	\N
4672	24939	8	\N
4673	24939	7	\N
4674	24939	5	\N
4675	24939	10	\N
4676	24939	1	\N
4677	24939	2	\N
4678	24939	6	\N
4679	24940	9	\N
4680	24940	3	\N
4681	24940	13	\N
4682	24940	12	\N
4683	24940	8	\N
4684	24940	7	\N
4685	24940	4	\N
4686	24940	5	\N
4687	24940	10	\N
4688	24940	1	\N
4689	24940	2	\N
4690	24940	6	\N
4691	24939	4	\N
4692	24940	11	\N
4693	24941	1	\N
4694	24941	2	\N
4695	24941	6	\N
4696	24941	7	\N
4697	24941	4	\N
4698	24941	5	\N
4699	24941	3	\N
4700	24941	8	\N
4701	24941	11	\N
4702	24941	12	\N
4703	24941	9	\N
4704	24941	13	\N
4708	24942	12	\N
4709	24942	9	\N
4710	24942	13	\N
4711	24942	3	\N
4712	24942	11	\N
4713	24942	8	\N
4714	24942	7	\N
4715	24942	4	\N
4716	24942	5	\N
4717	24942	1	\N
4718	24942	2	\N
4719	24942	6	\N
4720	24943	1	\N
4721	24943	2	\N
4722	24943	6	\N
4723	24943	12	\N
4724	24943	8	\N
4725	24943	7	\N
4726	24943	4	\N
4727	24943	5	\N
4728	24943	13	\N
4729	24943	11	\N
4731	24943	9	\N
4732	24943	3	\N
4736	24944	6	\N
4738	24944	1	\N
4739	24944	2	\N
4741	24944	10	\N
4742	24944	8	\N
4743	24944	7	\N
4744	24944	4	\N
4745	24944	5	\N
4747	24944	12	\N
4748	24944	13	\N
4749	24944	3	\N
4750	24944	11	\N
4752	24944	9	\N
4754	24942	10	\N
4755	24943	10	\N
4756	24945	9	\N
4757	24945	3	\N
4758	24945	11	\N
4759	24945	7	\N
4760	24945	13	\N
4761	24945	4	\N
4762	24945	8	\N
4763	24945	5	\N
4764	24945	1	\N
4765	24945	6	\N
4766	24945	2	\N
4768	24946	5	\N
4769	24946	4	\N
4770	24946	10	\N
4771	24946	1	\N
4772	24946	2	\N
4773	24946	6	\N
4774	24946	9	\N
4775	24946	13	\N
4776	24946	3	\N
4777	24946	11	\N
4778	24946	8	\N
4779	24946	7	\N
4780	24946	12	\N
4781	24947	9	\N
4782	24947	3	\N
4783	24947	13	\N
4784	24947	11	\N
4785	24947	8	\N
4786	24947	7	\N
4787	24947	4	\N
4788	24947	10	\N
4789	24947	5	\N
4790	24947	1	\N
4791	24947	2	\N
4792	24947	6	\N
4793	24947	12	\N
4794	24948	406	\N
4795	24948	80103	\N
4796	24948	80109	\N
4797	24948	60604	\N
4798	24948	5	\N
4799	24948	702	\N
4800	24948	704	\N
4801	24948	1	\N
4802	24948	9	\N
4803	24948	10	\N
4804	24948	70107	\N
4805	24948	70105	\N
4806	24948	70303	\N
4807	24948	130402	\N
4808	24948	3	\N
4809	24948	20304	\N
4810	24948	20308	\N
4811	24948	20105	\N
4812	24948	201	\N
4813	24948	110601	\N
4814	24948	120204	\N
4815	24948	120104	\N
4816	24948	120203	\N
4817	24948	120202	\N
4818	24948	110602	\N
4819	24948	110604	\N
4820	24948	110304	\N
4821	24948	120301	\N
4822	24949	201	\N
4823	24949	60604	\N
4824	24949	110304	\N
4825	24949	110601	\N
4826	24949	110604	\N
4827	24949	110602	\N
4828	24949	80103	\N
4829	24949	80109	\N
4830	24949	9	\N
4831	24949	70107	\N
4832	24949	70105	\N
4833	24949	70303	\N
4834	24949	7	\N
4835	24949	704	\N
4836	24949	5	\N
4837	24949	4	\N
4838	24949	3	\N
4839	24949	1	\N
4840	24949	20302	\N
4841	24949	20304	\N
4842	24949	20206	\N
4843	24949	20105	\N
4850	24949	120301	\N
4851	24949	120104	\N
4852	24949	120202	\N
4853	24949	120203	\N
4854	24949	120204	\N
4855	24949	130402	\N
4856	24950	9	\N
4857	24950	3	\N
4858	24950	13	\N
4859	24950	11	\N
4860	24950	8	\N
4861	24950	7	\N
4862	24950	4	\N
4863	24950	5	\N
4864	24950	10	\N
4865	24950	1	\N
4866	24950	2	\N
4867	24950	6	\N
4868	24950	12	\N
4869	24951	100402	\N
4870	24951	100406	\N
4871	24951	100102	\N
4872	24951	100106	\N
4873	24951	100101	\N
4875	23987	100406	\N
4876	23987	100106	\N
4877	23987	100102	\N
4874	23987	100104	\N
4878	24952	7	\N
4879	24952	1	\N
4880	24952	8	\N
4881	24953	6	\N
4882	24954	6	\N
4883	24955	6	\N
4884	24955	8	\N
4885	24955	7	\N
4886	24955	5	\N
4888	24955	4	\N
4889	24955	10	\N
4890	24955	1	\N
4891	24955	2	\N
4892	24955	11	\N
4894	24955	3	\N
4895	24955	13	\N
4896	24955	9	\N
4897	24955	12	\N
4898	24956	6	\N
4899	24957	5	\N
4900	24957	10	\N
4901	24957	1	\N
4902	24957	2	\N
4903	24957	6	\N
4904	24957	4	\N
4905	24957	8	\N
4906	24957	7	\N
4907	24957	13	\N
4908	24957	3	\N
4909	24957	11	\N
4911	24957	12	\N
4912	24957	9	\N
4916	24959	6	\N
4917	24960	604	\N
4918	24961	10	\N
4919	24961	1	\N
4920	24961	2	\N
4921	24961	6	\N
4922	24961	8	\N
4923	24961	7	\N
4924	24961	4	\N
4925	24961	5	\N
4926	24961	3	\N
4927	24961	13	\N
4928	24961	11	\N
4930	24961	12	\N
4931	24961	9	\N
4934	24962	4	\N
4935	24962	5	\N
4936	24962	1	\N
4937	24962	10	\N
4938	24962	2	\N
4939	24962	6	\N
4941	24962	9	\N
4942	24962	13	\N
4943	24962	3	\N
4944	24962	11	\N
4945	24962	8	\N
4946	24962	7	\N
4947	24962	12	\N
4948	24963	12	\N
4949	24963	9	\N
4950	24963	3	\N
4951	24963	13	\N
4952	24963	11	\N
4953	24963	8	\N
4954	24963	7	\N
4955	24963	4	\N
4956	24963	5	\N
4957	24963	1	\N
4958	24963	10	\N
4959	24963	2	\N
4960	24963	6	\N
4961	24964	7	\N
4962	24964	5	\N
4963	24964	4	\N
4964	24964	1	\N
4965	24964	2	\N
4966	24964	8	\N
4967	24964	6	\N
4968	24964	12	\N
4969	24964	9	\N
4970	24964	3	\N
4971	24964	13	\N
4972	24964	11	\N
4973	24964	10	\N
4974	24965	10	\N
4975	24965	2	\N
4976	24965	6	\N
4977	24966	9	\N
4978	24965	8	\N
4979	24966	6	\N
4980	24965	7	\N
4981	24965	4	\N
4982	24965	5	\N
4983	24965	1	\N
4984	24965	12	\N
4985	24965	13	\N
4986	24966	2	\N
4987	24965	9	\N
4988	24965	3	\N
4989	24966	1	\N
4990	24965	11	\N
4991	24966	10	\N
4992	24966	4	\N
4993	24966	5	\N
4994	24966	7	\N
4995	24966	11	\N
4996	24966	8	\N
4997	24966	3	\N
4998	24967	6	\N
4999	24966	12	\N
5000	24966	13	\N
5001	24967	13	\N
5002	24967	11	\N
5003	24967	8	\N
5004	24967	7	\N
5005	24967	4	\N
5006	24967	5	\N
5007	24967	10	\N
5008	24967	1	\N
5009	24967	2	\N
5010	24967	9	\N
5011	24967	12	\N
5012	24967	3	\N
5013	24968	12	\N
5014	24968	9	\N
5015	24968	3	\N
5016	24968	13	\N
5017	24968	11	\N
5018	24968	8	\N
5019	24968	7	\N
5020	24968	4	\N
5021	24968	5	\N
5022	24968	10	\N
5023	24968	1	\N
5024	24968	2	\N
5025	24968	6	\N
5026	24969	13	\N
5027	24969	11	\N
5028	24969	8	\N
5029	24969	7	\N
5030	24969	4	\N
5031	24969	5	\N
5032	24969	10	\N
5033	24969	1	\N
5034	24969	2	\N
5035	24969	6	\N
5036	24969	9	\N
5037	24969	3	\N
5038	24969	12	\N
5040	24970	9	\N
5041	24970	3	\N
5042	24970	13	\N
5043	24970	11	\N
5044	24970	8	\N
5045	24970	7	\N
5046	24970	4	\N
5047	24970	5	\N
5048	24970	10	\N
5049	24970	1	\N
5050	24970	2	\N
5051	24970	6	\N
5052	24970	12	\N
5053	24971	1	\N
5054	24971	2	\N
5055	24971	6	\N
5057	24971	12	\N
5058	24971	9	\N
5059	24971	3	\N
5060	24971	13	\N
5061	24971	11	\N
5062	24971	8	\N
5063	24971	7	\N
5064	24971	4	\N
5065	24971	5	\N
5066	24971	10	\N
5067	24972	13	\N
5068	24972	8	\N
5069	24972	7	\N
5070	24972	4	\N
5071	24972	5	\N
5072	24972	10	\N
5073	24972	1	\N
5074	24972	2	\N
5075	24972	6	\N
5076	24972	9	\N
5077	24972	3	\N
5078	24972	11	\N
5079	24972	12	\N
5080	24973	9	\N
5081	24973	3	\N
5082	24973	13	\N
5083	24973	11	\N
5084	24973	8	\N
5085	24973	7	\N
5086	24973	4	\N
5087	24973	2	\N
5088	24973	5	\N
5089	24973	10	\N
5090	24973	1	\N
5091	24973	6	\N
5092	24973	12	\N
5093	24974	12	\N
5094	24974	9	\N
5095	24974	3	\N
5096	24974	13	\N
5097	24974	11	\N
5098	24974	8	\N
5099	24974	7	\N
5100	24974	4	\N
5101	24974	5	\N
5102	24974	10	\N
5103	24974	1	\N
5104	24974	2	\N
5105	24974	6	\N
5106	24975	12	\N
5107	24975	9	\N
5108	24975	3	\N
5109	24975	13	\N
5110	24975	11	\N
5111	24975	8	\N
5112	24975	7	\N
5113	24975	4	\N
5114	24975	5	\N
5115	24975	10	\N
5116	24975	1	\N
5117	24975	2	\N
5118	24975	6	\N
5119	24976	6	\N
5120	24977	601	\N
5121	24979	9	\N
5122	24979	3	\N
5123	24979	13	\N
5124	24979	11	\N
5125	24979	8	\N
5126	24979	7	\N
5127	24979	5	\N
5128	24979	10	\N
5129	24979	4	\N
5130	24979	1	\N
5131	24979	2	\N
5132	24979	6	\N
5133	24979	12	\N
5134	23354	403	\N
5135	23354	404	\N
5136	23354	305	\N
5137	23354	303	\N
5138	23354	302	\N
5139	23354	30301	\N
5140	23354	1106	\N
5141	23354	1102	\N
5142	23354	704	\N
5143	23354	502	\N
5144	23354	503	\N
5145	23354	507	\N
5146	23354	1304	\N
5147	23354	1004	\N
5148	23354	1001	\N
5149	23354	1003	\N
5150	23354	1002	\N
5151	23354	1105	\N
5152	24980	6	\N
5153	24980	5	\N
5154	24980	12	\N
5155	24980	406	\N
5156	24981	5	\N
5157	24981	4	\N
5158	24982	1101	\N
5159	24982	803	\N
5160	24982	802	\N
5161	24982	801	\N
5162	24982	701	\N
5163	24982	703	\N
5164	24982	702	\N
5165	24982	603	\N
5166	24982	301	\N
5167	24982	103	\N
5168	24982	101	\N
5169	24982	201	\N
5170	24982	203	\N
5171	24983	6	\N
5172	24994	6	\N
5173	24994	7	\N
5174	24994	4	\N
5175	24994	5	\N
5176	24994	1	\N
5177	24994	2	\N
5178	24994	8	\N
5179	24994	12	\N
5180	24994	9	\N
5181	24994	11	\N
5182	24994	13	\N
5183	24994	3	\N
5184	24997	5	\N
5185	24997	4	\N
5186	24998	13	\N
5187	24998	3	\N
5188	24998	11	\N
5189	24998	10	\N
5190	24998	8	\N
5191	24998	7	\N
5192	24998	4	\N
5193	24998	5	\N
5194	24998	1	\N
5195	24998	2	\N
5196	24998	6	\N
5197	24998	9	\N
5198	24998	12	\N
5199	24999	6	\N
5200	24999	1	\N
5201	24999	2	\N
5202	24999	10	\N
5203	25001	13	\N
5204	25001	8	\N
5205	25001	11	\N
5206	25001	7	\N
5207	25001	4	\N
5208	25001	5	\N
5209	25001	10	\N
5210	25001	12	\N
5211	25001	9	\N
5212	25001	3	\N
5213	25001	6	\N
5214	25001	2	\N
5215	25001	1	\N
5216	25002	1	\N
5217	25002	2	\N
5218	25002	6	\N
5222	25002	8	\N
5223	25002	7	\N
5224	25002	4	\N
5225	25002	5	\N
5226	25002	10	\N
5227	25002	3	\N
5228	25002	11	\N
5230	25002	9	\N
5231	25002	13	\N
5232	25003	1	\N
5233	25003	2	\N
5234	25003	6	\N
5238	25004	3	\N
5239	25003	12	\N
5240	25003	9	\N
5241	25003	3	\N
5242	25003	13	\N
5243	25003	11	\N
5244	25003	7	\N
5245	25003	4	\N
5246	25003	5	\N
5247	25003	10	\N
5248	25002	12	\N
5249	25006	1	\N
5250	25006	2	\N
5251	25006	6	\N
5256	25006	10	\N
5257	25006	7	\N
5258	25006	4	\N
5260	25006	5	\N
5261	25006	13	\N
5262	25006	3	\N
5263	25006	11	\N
5264	25006	8	\N
5268	25006	12	\N
5269	25006	9	\N
5270	25007	5	\N
5272	25007	10	\N
5273	25007	1	\N
5274	25007	2	\N
5275	25007	6	\N
5277	25007	7	\N
5278	25007	4	\N
5279	25007	8	\N
5281	25007	11	\N
5282	25007	13	\N
5283	25007	3	\N
5284	25007	12	\N
5285	25007	9	\N
5286	25008	1	\N
5287	25008	2	\N
5288	25008	6	\N
5289	25008	13	\N
5290	25008	11	\N
5291	25008	8	\N
5292	25008	7	\N
5293	25008	4	\N
5294	25008	5	\N
5295	25008	10	\N
5296	25008	3	\N
5297	25008	12	\N
5298	25008	9	\N
5299	24833	12	\N
5300	24833	13	\N
5301	24833	9	\N
5302	24833	11	\N
5303	24833	5	\N
5304	24833	4	\N
5305	24833	3	\N
5306	24833	1	\N
5308	25017	60604	\N
5307	25017	60302	\N
5309	25017	20101	\N
5310	25017	20108	\N
5311	25017	20109	\N
5312	25017	101	\N
5313	25017	103	\N
5314	25017	10202	\N
5315	24819	80302	\N
5316	25018	703	\N
5317	25019	703	\N
5318	25020	303	\N
5319	25021	703	\N
5320	25021	901	\N
5321	25022	80301	\N
5322	25022	60602	\N
5323	25022	60503	\N
5324	25029	80204	\N
5325	25029	80105	\N
5326	25030	40201	\N
5327	25030	40208	\N
5328	25030	70108	\N
5329	25030	70103	\N
5330	25030	70106	\N
5331	25030	80204	\N
5332	25030	80105	\N
5333	25031	70507	\N
5334	25031	70401	\N
5335	25031	70302	\N
5336	25031	70503	\N
5337	25031	70508	\N
5338	25031	70502	\N
5339	25032	60604	\N
5340	25032	60504	\N
5341	25033	703	\N
5342	25034	6	\N
5343	25035	6	\N
5344	25036	6	\N
5345	25036	1	\N
5346	25036	2	\N
5347	25036	7	\N
5348	25036	8	\N
5350	25039	30111	\N
\.


